2 -0.00236079 0.00301931 0.0807815 0.0357981 0.0875 0.0542245
2 -0.00236079 0.00301931 0.0807815 0.0668574 0.06875 0.0537641
2 -0.00236079 0.00301931 0.0807815 0.085493 0.0375 0.0534879
2 -0.00236079 0.00301931 0.0807815 0.0917048 0 0.0533958
2 -0.00236079 0.00301931 0.0807815 0.085493 -0.0375 0.0534879
2 -0.00236079 0.00301931 0.0807815 0.0668574 -0.06875 0.0537641
2 -0.00236079 0.00301931 0.0807815 0.0357981 -0.0875 0.0542245
2 -0.00236079 0.00301931 0.0807815 -0.00147313 -0.09375 0.0547769
2 -0.00236079 0.00301931 0.0807815 -0.0387443 -0.0875 0.0553293
2 -0.00236079 0.00301931 0.0807815 -0.0698036 -0.06875 0.0557896
2 -0.00236079 0.00301931 0.0807815 -0.0884392 -0.0375 0.0560659
2 -0.00236079 0.00301931 0.0807815 -0.0946511 0 0.0561579
2 -0.00236079 0.00301931 0.0807815 -0.0884392 0.0375 0.0560659
2 -0.00236079 0.00301931 0.0807815 -0.0698036 0.06875 0.0557896
2 -0.00236079 0.00301931 0.0807815 -0.0387443 0.0875 0.0553293
2 -0.00236079 0.00301931 0.0807815 -0.00147313 0.09375 0.0547769
2 0.00186086 -0.00133709 0.0106641 0.0326389 0.0763889 -0.0326389
2 0.00186086 -0.00133709 0.0106641 0.0598958 0.0598958 -0.0302083
2 0.00186086 -0.00133709 0.0106641 0.0763889 0.0326389 -0.0326389
2 0.00186086 -0.00133709 0.0106641 0.0819444 0 -0.0350694
2 0.00186086 -0.00133709 0.0106641 -0.0763889 -0.0326389 -0.0326389
2 0.00186086 -0.00133709 0.0106641 -0.0819444 0 -0.0350694
2 0.00186086 -0.00133709 0.0106641 -0.0763889 0.0326389 -0.0326389
2 0.00186086 -0.00133709 0.0106641 -0.0598958 0.0598958 -0.0302083
2 0.00186086 -0.00133709 0.0106641 -0.0326389 0.0763889 -0.0326389
2 0.00186086 -0.00133709 0.0106641 0 0.0819444 -0.0350694
2 0.00186086 -0.00133709 0.0106641 0.0763889 -0.0326389 -0.0326389
2 0.00186086 -0.00133709 0.0106641 -0.0302083 -0.0598958 -0.0598958
2 0.00186086 -0.00133709 0.0106641 -0.0509259 -0.0509259 -0.0509259
2 0.00186086 -0.00133709 0.0106641 0.0598958 0.0302083 -0.0598958
2 0.00186086 -0.00133709 0.0106641 -0.0643229 0 -0.0643229
2 0.00186086 -0.00133709 0.0106641 -0.0598958 0.0302083 -0.0598958
2 0.00186086 -0.00133709 0.0106641 -0.0509259 0.0509259 -0.0509259
2 0.00186086 -0.00133709 0.0106641 -0.0302083 0.0598958 -0.0598958
2 0.00186086 -0.00133709 0.0106641 0.0598958 -0.0302083 -0.0598958
2 0.00186086 -0.00133709 0.0106641 0 -0.0643229 -0.0643229
2 0.00186086 -0.00133709 0.0106641 0.0326389 -0.0326389 -0.0763889
2 0.00186086 -0.00133709 0.0106641 0 -0.0350694 -0.0819444
2 0.00186086 -0.00133709 0.0106641 0.0643229 0 -0.0643229
2 0.00186086 -0.00133709 0.0106641 0.0350694 0 -0.0819444
2 0.00186086 -0.00133709 0.0106641 0 0 -0.0878472
2 0.00186086 -0.00133709 0.0106641 -0.0350694 0 -0.0819444
2 0.00186086 -0.00133709 0.0106641 0 0.0350694 -0.0819444
2 0.00186086 -0.00133709 0.0106641 -0.0326389 0.0326389 -0.0763889
2 0.00186086 -0.00133709 0.0106641 0.0509259 -0.0509259 -0.0509259
2 0.00186086 -0.00133709 0.0106641 0.0302083 -0.0598958 -0.0598958
2 0.00186086 -0.00133709 0.0106641 0.0509259 0.0509259 -0.0509259
2 0.00186086 -0.00133709 0.0106641 0.0326389 0.0326389 -0.0763889
2 0.00186086 -0.00133709 0.0106641 0 0.0643229 -0.0643229
2 0.00186086 -0.00133709 0.0106641 0.0302083 0.0598958 -0.0598958
2 0.00186086 -0.00133709 0.0106641 -0.0326389 -0.0326389 -0.0763889
2 0.00186086 -0.00133709 0.0106641 -0.0598958 -0.0302083 -0.0598958
2 0.00186086 -0.00133709 0.0106641 0.0598958 -0.0598958 -0.0302083
2 0.00186086 -0.00133709 0.0106641 0.0326389 -0.0763889 -0.0326389
2 0.00186086 -0.00133709 0.0106641 0 -0.0819444 -0.0350694
2 0.00186086 -0.00133709 0.0106641 -0.0326389 -0.0763889 -0.0326389
2 0.00186086 -0.00133709 0.0106641 -0.0598958 -0.0598958 -0.0302083
2 -0.989773 0.00191675 1.98548 -1.06371 0.0598958 1.97901
2 -0.989773 0.00191675 1.98548 -1.04616 0.0763889 2
2 -0.989773 0.00191675 1.98548 -1.07709 0.0326389 1.96906
2 -0.989773 0.00191675 1.98548 -1.0248 0.0819444 2.0248
2 -0.989773 0.00191675 1.98548 -1 0.0763889 2.04616
2 -0.989773 0.00191675 1.98548 -0.979008 0.0598958 2.06371
2 -0.989773 0.00191675 1.98548 -0.969064 0.0326389 2.07709
2 -0.989773 0.00191675 1.98548 -0.979008 -0.0598958 2.06371
2 -0.989773 0.00191675 1.98548 -1 -0.0763889 2.04616
2 -0.989773 0.00191675 1.98548 -1.0248 -0.0819444 2.0248
2 -0.989773 0.00191675 1.98548 -0.966854 0 2.08274
2 -0.989773 0.00191675 1.98548 -0.969064 -0.0326389 2.07709
2 -0.989773 0.00191675 1.98548 -1.04616 -0.0763889 2
2 -0.989773 0.00191675 1.98548 -1.06371 -0.0598958 1.97901
2 -0.989773 0.00191675 1.98548 -1.07709 -0.0326389 1.96906
2 -0.989773 0.00191675 1.98548 -1.08274 0 1.96685
2 -0.989773 0.00191675 1.98548 -1.08471 0.0302083 2
2 -0.989773 0.00191675 1.98548 -1.06371 0.0598958 2.02099
2 -0.989773 0.00191675 1.98548 -1.07202 0.0509259 2
2 -0.989773 0.00191675 1.98548 -1.09097 0 2
2 -0.989773 0.00191675 1.98548 -1.03094 0.0326389 2.07709
2 -0.989773 0.00191675 1.98548 -1 0.0509259 2.07202
2 -0.989773 0.00191675 1.98548 -1 0.0302083 2.08471
2 -0.989773 0.00191675 1.98548 -1 -0.0302083 2.08471
2 -0.989773 0.00191675 1.98548 -1.04548 -0.0643229 2.04548
2 -0.989773 0.00191675 1.98548 -1.02099 -0.0598958 2.06371
2 -0.989773 0.00191675 1.98548 -1 -0.0509259 2.07202
2 -0.989773 0.00191675 1.98548 -1 0 2.09097
2 -0.989773 0.00191675 1.98548 -1.03315 0 2.08274
2 -0.989773 0.00191675 1.98548 -1.05794 -0.0350694 2.05794
2 -0.989773 0.00191675 1.98548 -1.03094 -0.0326389 2.07709
2 -0.989773 0.00191675 1.98548 -1.02099 0.0598958 2.06371
2 -0.989773 0.00191675 1.98548 -1.06212 0 2.06212
2 -0.989773 0.00191675 1.98548 -1.05794 0.0350694 2.05794
2 -0.989773 0.00191675 1.98548 -1.07709 -0.0326389 2.03094
2 -0.989773 0.00191675 1.98548 -1.08274 0 2.03315
2 -0.989773 0.00191675 1.98548 -1.04548 0.0643229 2.04548
2 -0.989773 0.00191675 1.98548 -1.07202 -0.0509259 2
2 -0.989773 0.00191675 1.98548 -1.06371 -0.0598958 2.02099
2 -0.989773 0.00191675 1.98548 -1.08471 -0.0302083 2
2 -0.989773 0.00191675 1.98548 -1.07709 0.0326389 2.03094
2 -0.976134 0.00222213 1.97267 -1.04352 0.0665365 1.94943
2 -0.976134 0.00222213 1.97267 -1.02256 0.0847222 1.97125
2 -0.976134 0.00222213 1.97267 -0.997334 0.0907986 1.99733
2 -0.976134 0.00222213 1.97267 -0.971248 0.0847222 2.02256
2 -0.976134 0.00222213 1.97267 -0.949427 0.0665365 2.04352
2 -0.976134 0.00222213 1.97267 -0.936997 0.0362847 2.05681
2 -0.976134 0.00222213 1.97267 -0.93313 4.33681e-19 2.06154
2 -0.976134 0.00222213 1.97267 -0.936997 -0.0362847 2.05681
2 -0.976134 0.00222213 1.97267 -0.949427 -0.0665365 2.04352
2 -0.976134 0.00222213 1.97267 -0.971248 -0.0847222 2.02256
2 -0.976134 0.00222213 1.97267 -0.997334 -0.0907986 1.99733
2 -0.976134 0.00222213 1.97267 -1.02256 -0.0847222 1.97125
2 -0.976134 0.00222213 1.97267 -1.04352 -0.0665365 1.94943
2 -0.976134 0.00222213 1.97267 -1.05681 -0.0362847 1.937
2 -0.976134 0.00222213 1.97267 -1.06154 4.33681e-19 1.93313
2 -0.976134 0.00222213 1.97267 -1.05681 0.0362847 1.937
2 -0.955433 0.00410595 1.95141 -1.01315 0.06875 1.91593
2 -0.955433 0.00410595 1.95141 -0.991056 0.0875 1.93802
2 -0.955433 0.00410595 1.95141 -0.96454 0.09375 1.96454
2 -0.955433 0.00410595 1.95141 -0.938024 0.0875 1.99106
2 -0.955433 0.00410595 1.95141 -0.915927 0.06875 2.01315
2 -0.955433 0.00410595 1.95141 -0.902668 0.0375 2.02641
2 -0.955433 0.00410595 1.95141 -0.898249 0 2.03083
2 -0.955433 0.00410595 1.95141 -0.902668 -0.0375 2.02641
2 -0.955433 0.00410595 1.95141 -0.915927 -0.06875 2.01315
2 -0.955433 0.00410595 1.95141 -0.938024 -0.0875 1.99106
2 -0.955433 0.00410595 1.95141 -0.96454 -0.09375 1.96454
2 -0.955433 0.00410595 1.95141 -0.991056 -0.0875 1.93802
2 -0.955433 0.00410595 1.95141 -1.01315 -0.06875 1.91593
2 -0.955433 0.00410595 1.95141 -1.02641 -0.0375 1.90267
2 -0.955433 0.00410595 1.95141 -1.03083 0 1.89825
2 -0.955433 0.00410595 1.95141 -1.02641 0.0375 1.90267
2 0.989279 0.00217918 1.98692 1.06371 0.0598958 1.97901
2 0.989279 0.00217918 1.98692 1.07709 0.0326389 1.96906
2 0.989279 0.00217918 1.98692 1.08274 0 1.96685
2 0.989279 0.00217918 1.98692 1.07709 -0.0326389 1.96906
2 0.989279 0.00217918 1.98692 1.06371 -0.0598958 1.97901
2 0.989279 0.00217918 1.98692 1.04616 -0.0763889 2
2 0.989279 0.00217918 1.98692 1.0248 -0.0819444 2.0248
2 0.989279 0.00217918 1.98692 1 -0.0763889 2.04616
2 0.989279 0.00217918 1.98692 0.979008 -0.0598958 2.06371
2 0.989279 0.00217918 1.98692 0.969064 -0.0326389 2.07709
2 0.989279 0.00217918 1.98692 0.966854 0 2.08274
2 0.989279 0.00217918 1.98692 0.969064 0.0326389 2.07709
2 0.989279 0.00217918 1.98692 1 0 2.09097
2 0.989279 0.00217918 1.98692 1 -0.0302083 2.08471
2 0.989279 0.00217918 1.98692 1 -0.0509259 2.07202
2 0.989279 0.00217918 1.98692 1.03315 0 2.08274
2 0.989279 0.00217918 1.98692 1.06212 0 2.06212
2 0.989279 0.00217918 1.98692 1.05794 -0.0350694 2.05794
2 0.989279 0.00217918 1.98692 1.03094 -0.0326389 2.07709
2 0.989279 0.00217918 1.98692 1.02099 -0.0598958 2.06371
2 0.989279 0.00217918 1.98692 1.04548 -0.0643229 2.04548
2 0.989279 0.00217918 1.98692 1.07709 -0.0326389 2.03094
2 0.989279 0.00217918 1.98692 1.06371 -0.0598958 2.02099
2 0.989279 0.00217918 1.98692 1.07202 -0.0509259 2
2 0.989279 0.00217918 1.98692 1.08471 -0.0302083 2
2 0.989279 0.00217918 1.98692 1.09097 0 2
2 0.989279 0.00217918 1.98692 1.08471 0.0302083 2
2 0.989279 0.00217918 1.98692 1.06371 0.0598958 2.02099
2 0.989279 0.00217918 1.98692 1.04548 0.0643229 2.04548
2 0.989279 0.00217918 1.98692 1.07709 0.0326389 2.03094
2 0.989279 0.00217918 1.98692 1.08274 0 2.03315
2 0.989279 0.00217918 1.98692 1.07202 0.0509259 2
2 0.989279 0.00217918 1.98692 1.02099 0.0598958 2.06371
2 0.989279 0.00217918 1.98692 1 0.0302083 2.08471
2 0.989279 0.00217918 1.98692 1.03094 0.0326389 2.07709
2 0.989279 0.00217918 1.98692 1.05794 0.0350694 2.05794
2 0.989279 0.00217918 1.98692 1 0.0509259 2.07202
2 0.989279 0.00217918 1.98692 0.979008 0.0598958 2.06371
2 0.989279 0.00217918 1.98692 1 0.0763889 2.04616
2 0.989279 0.00217918 1.98692 1.0248 0.0819444 2.0248
2 0.989279 0.00217918 1.98692 1.04616 0.0763889 2
2 0.977248 0.00261451 1.97192 1.04352 0.0665365 1.94943
2 0.977248 0.00261451 1.97192 1.05681 0.0362847 1.937
2 0.977248 0.00261451 1.97192 0.936997 0.0362847 2.05681
2 0.977248 0.00261451 1.97192 0.949427 0.0665365 2.04352
2 0.977248 0.00261451 1.97192 0.971248 0.0847222 2.02256
2 0.977248 0.00261451 1.97192 0.997334 0.0907986 1.99733
2 0.977248 0.00261451 1.97192 1.02256 0.0847222 1.97125
2 0.977248 0.00261451 1.97192 1.06154 0 1.93313
2 0.977248 0.00261451 1.97192 1.05681 -0.0362847 1.937
2 0.977248 0.00261451 1.97192 1.04352 -0.0665365 1.94943
2 0.977248 0.00261451 1.97192 1.02256 -0.0847222 1.97125
2 0.977248 0.00261451 1.97192 0.997334 -0.0907986 1.99733
2 0.977248 0.00261451 1.97192 0.971248 -0.0847222 2.02256
2 0.977248 0.00261451 1.97192 0.949427 -0.0665365 2.04352
2 0.977248 0.00261451 1.97192 0.936997 -0.0362847 2.05681
2 0.977248 0.00261451 1.97192 0.93313 0 2.06154
2 0.929069 0.0043626 1.92487 0.990899 0.0375 1.86716
2 0.929069 0.0043626 1.92487 0.995319 0 1.86274
2 0.929069 0.0043626 1.92487 0.990899 -0.0375 1.86716
2 0.929069 0.0043626 1.92487 0.977641 -0.06875 1.88041
2 0.929069 0.0043626 1.92487 0.955544 -0.0875 1.90251
2 0.929069 0.0043626 1.92487 0.955544 0.0875 1.90251
2 0.929069 0.0043626 1.92487 0.977641 0.06875 1.88041
2 0.929069 0.0043626 1.92487 0.929028 -0.09375 1.92903
2 0.929069 0.0043626 1.92487 0.902511 -0.0875 1.95554
2 0.929069 0.0043626 1.92487 0.880414 -0.06875 1.97764
2 0.929069 0.0043626 1.92487 0.867156 -0.0375 1.9909
2 0.929069 0.0043626 1.92487 0.862737 0 1.99532
2 0.929069 0.0043626 1.92487 0.867156 0.0375 1.9909
2 0.929069 0.0043626 1.92487 0.880414 0.06875 1.97764
2 0.929069 0.0043626 1.92487 0.902511 0.0875 1.95554
2 0.929069 0.0043626 1.92487 0.929028 0.09375 1.92903
2 -0.00993449 0.00103871 0.189935 0.0592869 0.06875 0.168821
2 -0.00993449 0.00103871 0.189935 0.0289903 0.0875 0.171122
2 -0.00993449 0.00103871 0.189935 -0.00736563 0.09375 0.173884
2 -0.00993449 0.00103871 0.189935 -0.0437215 0.0875 0.176646
2 -0.00993449 0.00103871 0.189935 -0.0740181 0.06875 0.178948
2 -0.00993449 0.00103871 0.189935 -0.0921961 0.0375 0.180329
2 -0.00993449 0.00103871 0.189935 -0.0982554 0 0.18079
2 -0.00993449 0.00103871 0.189935 -0.0921961 -0.0375 0.180329
2 -0.00993449 0.00103871 0.189935 -0.0740181 -0.06875 0.178948
2 -0.00993449 0.00103871 0.189935 0.0289903 -0.0875 0.171122
2 -0.00993449 0.00103871 0.189935 0.0592869 -0.06875 0.168821
2 -0.00993449 0.00103871 0.189935 0.0774648 -0.0375 0.167439
2 -0.00993449 0.00103871 0.189935 0.0835241 0 0.166979
2 -0.00993449 0.00103871 0.189935 0.0774648 0.0375 0.167439
2 -0.00993449 0.00103871 0.189935 -0.0437215 -0.0875 0.176646
2 -0.00993449 0.00103871 0.189935 -0.00736563 -0.09375 0.173884
2 -0.0380009 -0.000378146 0.628811 0.0313023 0.0375 0.54766
2 -0.0380009 -0.000378146 0.628811 -0.0101549 -0.0875 0.568284
2 -0.0380009 -0.000378146 0.628811 0.0364844 0 0.545082
2 -0.0380009 -0.000378146 0.628811 0.0157558 -0.06875 0.555394
2 -0.0380009 -0.000378146 0.628811 0.0313023 -0.0375 0.54766
2 -0.0414643 -0.000357955 0.689603 -0.0169628 -0.0875 0.635182
2 -0.0414643 -0.000357955 0.689603 0.00818516 -0.06875 0.620451
2 -0.0414643 -0.000357955 0.689603 0.023274 -0.0375 0.611612
2 -0.0414643 -0.000357955 0.689603 0.0283036 0 0.608665
2 -0.0414643 -0.000357955 0.689603 0.023274 0.0375 0.611612
2 -0.0414643 -0.000357955 0.689603 -0.0723407 -0.0875 0.59922
2 -0.0414643 -0.000357955 0.689603 -0.0412478 0.09375 0.583752
2 -0.0414643 -0.000357955 0.689603 -0.0723407 0.0875 0.59922
2 -0.0414643 -0.000357955 0.689603 0.00818516 0.06875 0.620451
2 -0.0461947 -0.000332402 0.800263 -0.0567367 0.0938906 0.789351
2 -0.0461947 -0.000332402 0.800263 -0.126189 0 0.771685
2 -0.0461947 -0.000332402 0.800263 -0.121312 -0.0375 0.768371
2 -0.0461947 -0.000332402 0.800263 -0.106681 -0.06875 0.758427
2 -0.0461947 -0.000332402 0.800263 -0.0567367 -0.0938906 0.789351
2 -0.0461947 -0.000332402 0.800263 0.0100352 -0.0375 0.796317
2 -0.0461947 -0.000332402 0.800263 0.0146453 0 0.792358
2 -0.0461947 -0.000332402 0.800263 0.0100352 0.0375 0.796317
2 -0.0461947 -0.000332402 0.800263 -0.00379507 0.06875 0.808194
2 -0.0461947 -0.000332402 0.800263 -0.0268455 0.0875 0.82799
2 -0.0461947 -0.000332402 0.800263 -0.0863084 0.0880625 0.812467
2 -0.0464633 -0.000319389 0.824808 -0.111313 0.0695938 0.83154
2 -0.0464633 -0.000319389 0.824808 -0.0560627 0.0943125 0.853287
2 -0.0464633 -0.000319389 0.824808 -0.00379507 -0.06875 0.808194
2 -0.0464633 -0.000319389 0.824808 -0.0883933 0.08975 0.881669
2 -0.0464633 -0.000319389 0.824808 -0.0178422 0.0875 0.883059
2 -0.0464633 -0.000319389 0.824808 0.00473157 0.06875 0.862113
2 -0.0464633 -0.000319389 0.824808 0.0182758 0.0375 0.849545
2 -0.0464633 -0.000319389 0.824808 -0.0268455 -0.0875 0.82799
2 -0.0464633 -0.000319389 0.824808 -0.126403 0.0380625 0.841758
2 -0.0464633 -0.000319389 0.824808 -0.0863084 -0.0880625 0.812467
2 -0.0464633 -0.000319389 0.824808 0.0227906 0 0.845356
2 -0.046817 -0.000296764 0.866519 -0.0824771 0.0924375 0.943704
2 -0.046817 -0.000296764 0.866519 -0.131471 0 0.844653
2 -0.046817 -0.000296764 0.866519 0.0182758 -0.0375 0.849545
2 -0.046817 -0.000296764 0.866519 -0.0560627 -0.0943125 0.853287
2 -0.046817 -0.000296764 0.866519 0.00473157 -0.06875 0.862113
2 -0.046817 -0.000296764 0.866519 -0.134165 0.03975 0.913394
2 -0.046817 -0.000296764 0.866519 -0.126403 -0.0380625 0.841758
2 -0.046817 -0.000296764 0.866519 -0.111313 -0.0695938 0.83154
2 -0.0123799 -2.39696e-05 1.07002 -0.0756011 0.08975 1.13754
2 -0.0123799 -2.39696e-05 1.07002 0 -0.096 1.07088
2 -0.0123799 -2.39696e-05 1.07002 -0.0366303 -0.0924375 1.10526
2 -0.0123799 -2.39696e-05 1.07002 0.0332241 0.095875 1.03769
2 -0.0602261 -2.35642e-05 1.06332 -0.105783 0.094875 1.10582
2 -0.0602261 -2.35642e-05 1.06332 -0.0756011 -0.08975 1.13754
2 -0.0602261 -2.35642e-05 1.06332 -0.134353 -0.08975 1.07258
2 -0.0602261 -2.35642e-05 1.06332 -0.205466 0.0380625 1.0773
2 -0.0602261 -2.35642e-05 1.06332 -0.210228 0 1.0732
2 -0.0602261 -2.35642e-05 1.06332 -0.205466 -0.0380625 1.0773
2 -0.173774 0.00018559 1.18952 -0.165193 0.06875 1.26242
2 -0.173774 0.00018559 1.18952 -0.18729 0.0875 1.24032
2 -0.173774 0.00018559 1.18952 -0.213807 0.09375 1.21381
2 -0.173774 0.00018559 1.18952 -0.240324 0.0875 1.18729
2 -0.173774 0.00018559 1.18952 -0.262421 0.06875 1.16519
2 -0.173774 0.00018559 1.18952 -0.275679 0.0375 1.15194
2 -0.173774 0.00018559 1.18952 -0.280098 0 1.14752
2 -0.173774 0.00018559 1.18952 -0.275679 -0.0375 1.15194
2 -0.173774 0.00018559 1.18952 -0.262421 -0.06875 1.16519
2 -0.173774 0.00018559 1.18952 -0.240324 -0.0875 1.18729
2 -0.173774 0.00018559 1.18952 -0.213807 -0.09375 1.21381
2 -0.173774 0.00018559 1.18952 -0.18729 -0.0875 1.24032
2 -0.173774 0.00018559 1.18952 -0.165193 -0.06875 1.26242
2 -0.173774 0.00018559 1.18952 -0.151935 -0.0375 1.27568
2 -0.173774 0.00018559 1.18952 -0.147516 0 1.2801
2 -0.173774 0.00018559 1.18952 -0.151935 0.0375 1.27568
2 -0.173774 0.00018559 1.18952 -0.204549 0.0875 1.15152
2 -0.173774 0.00018559 1.18952 -0.178033 -0.09375 1.17803
2 -0.173774 0.00018559 1.18952 -0.151516 -0.0875 1.20455
2 -0.173774 0.00018559 1.18952 -0.129419 -0.06875 1.22665
2 -0.173774 0.00018559 1.18952 -0.116161 -0.0375 1.2399
2 -0.173774 0.00018559 1.18952 -0.111741 0 1.24432
2 -0.173774 0.00018559 1.18952 -0.116161 0.0375 1.2399
2 -0.173774 0.00018559 1.18952 -0.129419 0.06875 1.22665
2 -0.173774 0.00018559 1.18952 -0.151516 0.0875 1.20455
2 -0.173774 0.00018559 1.18952 -0.178033 0.09375 1.17803
2 -0.238532 0.00023004 1.2615 -0.276098 0.0875 1.22306
2 -0.238532 0.00023004 1.2615 -0.298195 0.06875 1.20097
2 -0.238532 0.00023004 1.2615 -0.311453 0.0375 1.18771
2 -0.238532 0.00023004 1.2615 -0.315873 0 1.18329
2 -0.238532 0.00023004 1.2615 -0.311453 -0.0375 1.18771
2 -0.238532 0.00023004 1.2615 -0.298195 -0.06875 1.20097
2 -0.238532 0.00023004 1.2615 -0.276098 -0.0875 1.22306
2 -0.238532 0.00023004 1.2615 -0.249581 -0.09375 1.24958
2 -0.238532 0.00023004 1.2615 -0.223065 -0.0875 1.2761
2 -0.238532 0.00023004 1.2615 -0.200967 -0.06875 1.29819
2 -0.238532 0.00023004 1.2615 -0.187709 -0.0375 1.31145
2 -0.238532 0.00023004 1.2615 -0.18329 0 1.31587
2 -0.238532 0.00023004 1.2615 -0.187709 0.0375 1.31145
2 -0.238532 0.00023004 1.2615 -0.200967 0.06875 1.29819
2 -0.238532 0.00023004 1.2615 -0.223065 0.0875 1.2761
2 -0.238532 0.00023004 1.2615 -0.249581 0.09375 1.24958
2 -0.287831 0.00032667 1.30785 -0.285355 0.09375 1.28536
2 -0.287831 0.00032667 1.30785 -0.311872 0.0875 1.25884
2 -0.287831 0.00032667 1.30785 -0.333969 0.06875 1.23674
2 -0.287831 0.00032667 1.30785 -0.347227 0.0375 1.22348
2 -0.287831 0.00032667 1.30785 -0.351647 0 1.21906
2 -0.287831 0.00032667 1.30785 -0.347227 -0.0375 1.22348
2 -0.287831 0.00032667 1.30785 -0.333969 -0.06875 1.23674
2 -0.287831 0.00032667 1.30785 -0.311872 -0.0875 1.25884
2 -0.287831 0.00032667 1.30785 -0.285355 -0.09375 1.28536
2 -0.287831 0.00032667 1.30785 -0.258839 -0.0875 1.31187
2 -0.287831 0.00032667 1.30785 -0.236742 -0.06875 1.33397
2 -0.287831 0.00032667 1.30785 -0.223483 -0.0375 1.34723
2 -0.287831 0.00032667 1.30785 -0.219064 0 1.35165
2 -0.287831 0.00032667 1.30785 -0.223483 0.0375 1.34723
2 -0.287831 0.00032667 1.30785 -0.236742 0.06875 1.33397
2 -0.287831 0.00032667 1.30785 -0.258839 0.0875 1.31187
2 -0.414644 0.000919447 1.4193 -0.441291 0.06875 1.34406
2 -0.414644 0.000919447 1.4193 -0.454549 0.0375 1.33081
2 -0.414644 0.000919447 1.4193 -0.458969 0 1.32639
2 -0.414644 0.000919447 1.4193 -0.454549 -0.0375 1.33081
2 -0.414644 0.000919447 1.4193 -0.441291 -0.06875 1.34406
2 -0.414644 0.000919447 1.4193 -0.419194 -0.0875 1.36616
2 -0.414644 0.000919447 1.4193 -0.392678 -0.09375 1.39268
2 -0.414644 0.000919447 1.4193 -0.366161 -0.0875 1.41919
2 -0.414644 0.000919447 1.4193 -0.344064 -0.06875 1.44129
2 -0.414644 0.000919447 1.4193 -0.330806 -0.0375 1.45455
2 -0.414644 0.000919447 1.4193 -0.326386 0 1.45897
2 -0.414644 0.000919447 1.4193 -0.330806 0.0375 1.45455
2 -0.414644 0.000919447 1.4193 -0.344064 0.06875 1.44129
2 -0.414644 0.000919447 1.4193 -0.366161 0.0875 1.41919
2 -0.414644 0.000919447 1.4193 -0.392678 0.09375 1.39268
2 -0.414644 0.000919447 1.4193 -0.419194 0.0875 1.36616
2 -0.44805 0.001081 1.44924 -0.36658 0.0375 1.49032
2 -0.44805 0.001081 1.44924 -0.379838 0.06875 1.47707
2 -0.44805 0.001081 1.44924 -0.401935 0.0875 1.45497
2 -0.44805 0.001081 1.44924 -0.428452 0.09375 1.42845
2 -0.44805 0.001081 1.44924 -0.454968 0.0875 1.40194
2 -0.44805 0.001081 1.44924 -0.477065 0.06875 1.37984
2 -0.44805 0.001081 1.44924 -0.490324 0.0375 1.36658
2 -0.44805 0.001081 1.44924 -0.494743 0 1.36216
2 -0.44805 0.001081 1.44924 -0.490324 -0.0375 1.36658
2 -0.44805 0.001081 1.44924 -0.477065 -0.06875 1.37984
2 -0.44805 0.001081 1.44924 -0.454968 -0.0875 1.40194
2 -0.44805 0.001081 1.44924 -0.428452 -0.09375 1.42845
2 -0.44805 0.001081 1.44924 -0.401935 -0.0875 1.45497
2 -0.44805 0.001081 1.44924 -0.379838 -0.06875 1.47707
2 -0.44805 0.001081 1.44924 -0.36658 -0.0375 1.49032
2 -0.44805 0.001081 1.44924 -0.36216 0 1.49474
2 -0.47616 0.00116792 1.47528 -0.490742 0.0875 1.43771
2 -0.47616 0.00116792 1.47528 -0.51284 0.06875 1.41561
2 -0.47616 0.00116792 1.47528 -0.526098 0.0375 1.40235
2 -0.47616 0.00116792 1.47528 -0.530517 0 1.39793
2 -0.47616 0.00116792 1.47528 -0.526098 -0.0375 1.40235
2 -0.47616 0.00116792 1.47528 -0.51284 -0.06875 1.41561
2 -0.47616 0.00116792 1.47528 -0.490742 -0.0875 1.43771
2 -0.47616 0.00116792 1.47528 -0.464226 -0.09375 1.46423
2 -0.47616 0.00116792 1.47528 -0.437709 -0.0875 1.49074
2 -0.47616 0.00116792 1.47528 -0.415612 -0.06875 1.51284
2 -0.47616 0.00116792 1.47528 -0.402354 -0.0375 1.5261
2 -0.47616 0.00116792 1.47528 -0.397934 0 1.53052
2 -0.47616 0.00116792 1.47528 -0.402354 0.0375 1.5261
2 -0.47616 0.00116792 1.47528 -0.415612 0.06875 1.51284
2 -0.47616 0.00116792 1.47528 -0.437709 0.0875 1.49074
2 -0.47616 0.00116792 1.47528 -0.464226 0.09375 1.46423
2 -0.615094 0.00086972 1.61209 -0.633839 0.0875 1.58081
2 -0.615094 0.00086972 1.61209 -0.655936 0.06875 1.55871
2 -0.615094 0.00086972 1.61209 -0.669194 0.0375 1.54545
2 -0.615094 0.00086972 1.61209 -0.673614 0 1.54103
2 -0.615094 0.00086972 1.61209 -0.669194 -0.0375 1.54545
2 -0.615094 0.00086972 1.61209 -0.655936 -0.06875 1.55871
2 -0.615094 0.00086972 1.61209 -0.633839 -0.0875 1.58081
2 -0.615094 0.00086972 1.61209 -0.607322 -0.09375 1.60732
2 -0.615094 0.00086972 1.61209 -0.580806 -0.0875 1.63384
2 -0.615094 0.00086972 1.61209 -0.558709 -0.06875 1.65594
2 -0.615094 0.00086972 1.61209 -0.545451 -0.0375 1.66919
2 -0.615094 0.00086972 1.61209 -0.541031 0 1.67361
2 -0.615094 0.00086972 1.61209 -0.545451 0.0375 1.66919
2 -0.615094 0.00086972 1.61209 -0.558709 0.06875 1.65594
2 -0.615094 0.00086972 1.61209 -0.580806 0.0875 1.63384
2 -0.615094 0.00086972 1.61209 -0.607322 0.09375 1.60732
2 -0.647977 0.000519066 1.64476 -0.669613 0.0875 1.61658
2 -0.647977 0.000519066 1.64476 -0.69171 0.06875 1.59448
2 -0.647977 0.000519066 1.64476 -0.704968 0.0375 1.58122
2 -0.647977 0.000519066 1.64476 -0.709388 0 1.57681
2 -0.647977 0.000519066 1.64476 -0.704968 -0.0375 1.58122
2 -0.647977 0.000519066 1.64476 -0.69171 -0.06875 1.59448
2 -0.647977 0.000519066 1.64476 -0.669613 -0.0875 1.61658
2 -0.647977 0.000519066 1.64476 -0.643096 -0.09375 1.6431
2 -0.647977 0.000519066 1.64476 -0.61658 -0.0875 1.66961
2 -0.647977 0.000519066 1.64476 -0.594483 -0.06875 1.69171
2 -0.647977 0.000519066 1.64476 -0.581225 -0.0375 1.70497
2 -0.647977 0.000519066 1.64476 -0.576805 0 1.70939
2 -0.647977 0.000519066 1.64476 -0.581225 0.0375 1.70497
2 -0.647977 0.000519066 1.64476 -0.594483 0.06875 1.69171
2 -0.647977 0.000519066 1.64476 -0.61658 0.0875 1.66961
2 -0.647977 0.000519066 1.64476 -0.643096 0.09375 1.6431
2 -0.682561 -3.8706e-05 1.67893 -0.705387 0.0875 1.65235
2 -0.682561 -3.8706e-05 1.67893 -0.727484 0.06875 1.63026
2 -0.682561 -3.8706e-05 1.67893 -0.740742 0.0375 1.617
2 -0.682561 -3.8706e-05 1.67893 -0.745162 0 1.61258
2 -0.682561 -3.8706e-05 1.67893 -0.740742 -0.0375 1.617
2 -0.682561 -3.8706e-05 1.67893 -0.727484 -0.06875 1.63026
2 -0.682561 -3.8706e-05 1.67893 -0.705387 -0.0875 1.65235
2 -0.682561 -3.8706e-05 1.67893 -0.678871 -0.09375 1.67887
2 -0.682561 -3.8706e-05 1.67893 -0.652354 -0.0875 1.70539
2 -0.682561 -3.8706e-05 1.67893 -0.630257 -0.06875 1.72748
2 -0.682561 -3.8706e-05 1.67893 -0.616999 -0.0375 1.74074
2 -0.682561 -3.8706e-05 1.67893 -0.612579 0 1.74516
2 -0.682561 -3.8706e-05 1.67893 -0.616999 0.0375 1.74074
2 -0.682561 -3.8706e-05 1.67893 -0.630257 0.06875 1.72748
2 -0.682561 -3.8706e-05 1.67893 -0.652354 0.0875 1.70539
2 -0.682561 -3.8706e-05 1.67893 -0.678871 0.09375 1.67887
2 -0.794407 -0.00313235 1.78787 -0.848065 -0.0375 1.72432
2 -0.794407 -0.00313235 1.78787 -0.834807 -0.06875 1.73758
2 -0.794407 -0.00313235 1.78787 -0.737579 0.06875 1.83481
2 -0.794407 -0.00313235 1.78787 -0.759676 0.0875 1.81271
2 -0.794407 -0.00313235 1.78787 -0.786193 0.09375 1.78619
2 -0.794407 -0.00313235 1.78787 -0.81271 0.0875 1.75968
2 -0.794407 -0.00313235 1.78787 -0.834807 0.06875 1.73758
2 -0.794407 -0.00313235 1.78787 -0.848065 0.0375 1.72432
2 -0.794407 -0.00313235 1.78787 -0.852484 0 1.7199
2 -0.794407 -0.00313235 1.78787 -0.81271 -0.0875 1.75968
2 -0.794407 -0.00313235 1.78787 -0.786193 -0.09375 1.78619
2 -0.794407 -0.00313235 1.78787 -0.759676 -0.0875 1.81271
2 -0.794407 -0.00313235 1.78787 -0.737579 -0.06875 1.83481
2 -0.794407 -0.00313235 1.78787 -0.724321 -0.0375 1.84806
2 -0.794407 -0.00313235 1.78787 -0.719902 0 1.85248
2 -0.794407 -0.00313235 1.78787 -0.724321 0.0375 1.84806
2 -0.718306 -0.000856 1.71398 -0.741161 0.0875 1.68813
2 -0.718306 -0.000856 1.71398 -0.763258 0.06875 1.66603
2 -0.718306 -0.000856 1.71398 -0.776517 0.0375 1.65277
2 -0.718306 -0.000856 1.71398 -0.780936 0 1.64835
2 -0.718306 -0.000856 1.71398 -0.648353 0 1.78094
2 -0.718306 -0.000856 1.71398 -0.652773 0.0375 1.77652
2 -0.718306 -0.000856 1.71398 -0.666031 0.06875 1.76326
2 -0.718306 -0.000856 1.71398 -0.688128 0.0875 1.74116
2 -0.718306 -0.000856 1.71398 -0.714645 0.09375 1.71464
2 -0.718306 -0.000856 1.71398 -0.776517 -0.0375 1.65277
2 -0.718306 -0.000856 1.71398 -0.763258 -0.06875 1.66603
2 -0.718306 -0.000856 1.71398 -0.741161 -0.0875 1.68813
2 -0.718306 -0.000856 1.71398 -0.714645 -0.09375 1.71464
2 -0.718306 -0.000856 1.71398 -0.688128 -0.0875 1.74116
2 -0.718306 -0.000856 1.71398 -0.666031 -0.06875 1.76326
2 -0.718306 -0.000856 1.71398 -0.652773 -0.0375 1.77652
2 0.0449132 4.09118e-05 1.12457 5.55112e-19 0.0786 1.14178
2 0.0449132 4.09118e-05 1.12457 0 0.040875 1.17061
2 0.0449132 4.09118e-05 1.12457 0 0 1.17838
2 0.0449132 4.09118e-05 1.12457 0 -0.040875 1.17061
2 0.0449132 4.09118e-05 1.12457 -5.55112e-19 -0.0786 1.14178
2 0.0449132 4.09118e-05 1.12457 0.0366303 -0.0924375 1.10526
2 0.0449132 4.09118e-05 1.12457 0.0690159 -0.0949844 1.07291
2 0.0449132 4.09118e-05 1.12457 0.0974888 -0.0875 1.04446
2 0.0449132 4.09118e-05 1.12457 0.119586 -0.06875 1.02236
2 0.0449132 4.09118e-05 1.12457 0.132844 -0.0375 1.0091
2 0.0449132 4.09118e-05 1.12457 0.137263 0 1.00468
2 0.0449132 4.09118e-05 1.12457 0.132844 0.0375 1.0091
2 0.0449132 4.09118e-05 1.12457 0.119586 0.06875 1.02236
2 0.0449132 4.09118e-05 1.12457 0.0974888 0.0875 1.04446
2 0.0449132 4.09118e-05 1.12457 0.0690159 0.0949844 1.07291
2 0.0449132 4.09118e-05 1.12457 0.0366303 0.0924375 1.10526
2 0.0449132 4.09118e-05 1.12457 0.0756011 0.08975 1.13754
2 0.0449132 4.09118e-05 1.12457 0.0512551 -0.072125 1.16408
2 0.0449132 4.09118e-05 1.12457 0.0756011 -0.08975 1.13754
2 0.0449132 4.09118e-05 1.12457 0.0512551 0.072125 1.16408
2 0.0449132 4.09118e-05 1.12457 0.0401934 0.03975 1.18179
2 0.0449132 4.09118e-05 1.12457 0.0379837 0 1.18843
2 0.0449132 4.09118e-05 1.12457 0.0401934 -0.03975 1.18179
2 0.109956 0.000151223 1.17663 0.116161 0.0375 1.2399
2 0.109956 0.000151223 1.17663 0.111741 0 1.24432
2 0.109956 0.000151223 1.17663 0.116161 -0.0375 1.2399
2 0.109956 0.000151223 1.17663 0.129419 -0.06875 1.22665
2 0.109956 0.000151223 1.17663 0.151516 -0.0875 1.20455
2 0.109956 0.000151223 1.17663 0.178033 -0.09375 1.17803
2 0.109956 0.000151223 1.17663 0.178033 0.09375 1.17803
2 0.109956 0.000151223 1.17663 0.151516 0.0875 1.20455
2 0.109956 0.000151223 1.17663 0.129419 0.06875 1.22665
2 0.109956 0.000151223 1.17663 0.204549 -0.0875 1.15152
2 0.109956 0.000151223 1.17663 0.226647 -0.06875 1.12942
2 0.109956 0.000151223 1.17663 0.239905 -0.0375 1.11616
2 0.109956 0.000151223 1.17663 0.244324 0 1.11174
2 0.109956 0.000151223 1.17663 0.239905 0.0375 1.11616
2 0.109956 0.000151223 1.17663 0.226647 0.06875 1.12942
2 0.109956 0.000151223 1.17663 0.204549 0.0875 1.15152
2 0.207479 0.000457634 1.24522 0.223065 0.0875 1.2761
2 0.207479 0.000457634 1.24522 0.200967 0.06875 1.29819
2 0.207479 0.000457634 1.24522 0.187709 0.0375 1.31145
2 0.207479 0.000457634 1.24522 0.18329 0 1.31587
2 0.207479 0.000457634 1.24522 0.187709 -0.0375 1.31145
2 0.207479 0.000457634 1.24522 0.200967 -0.06875 1.29819
2 0.207479 0.000457634 1.24522 0.223065 -0.0875 1.2761
2 0.207479 0.000457634 1.24522 0.249581 -0.09375 1.24958
2 0.282532 0.000813831 1.29852 0.347227 0.0375 1.22348
2 0.282532 0.000813831 1.29852 0.333969 0.06875 1.23674
2 0.282532 0.000813831 1.29852 0.311872 0.0875 1.25884
2 0.282532 0.000813831 1.29852 0.285355 -0.09375 1.28536
2 0.282532 0.000813831 1.29852 0.311872 -0.0875 1.25884
2 0.282532 0.000813831 1.29852 0.333969 -0.06875 1.23674
2 0.282532 0.000813831 1.29852 0.347227 -0.0375 1.22348
2 0.282532 0.000813831 1.29852 0.351647 0 1.21906
2 0.282532 0.000813831 1.29852 0.285355 0.09375 1.28536
2 0.282532 0.000813831 1.29852 0.258839 0.0875 1.31187
2 0.282532 0.000813831 1.29852 0.236742 0.06875 1.33397
2 0.282532 0.000813831 1.29852 0.223483 0.0375 1.34723
2 0.282532 0.000813831 1.29852 0.219064 0 1.35165
2 0.282532 0.000813831 1.29852 0.223483 -0.0375 1.34723
2 0.282532 0.000813831 1.29852 0.236742 -0.06875 1.33397
2 0.282532 0.000813831 1.29852 0.258839 -0.0875 1.31187
2 0.41071 0.00185204 1.40368 0.454549 0.0375 1.33081
2 0.41071 0.00185204 1.40368 0.441291 0.06875 1.34406
2 0.41071 0.00185204 1.40368 0.419194 0.0875 1.36616
2 0.41071 0.00185204 1.40368 0.392678 0.09375 1.39268
2 0.41071 0.00185204 1.40368 0.419194 -0.0875 1.36616
2 0.41071 0.00185204 1.40368 0.441291 -0.06875 1.34406
2 0.41071 0.00185204 1.40368 0.454549 -0.0375 1.33081
2 0.41071 0.00185204 1.40368 0.458969 0 1.32639
2 0.443359 0.0021548 1.43588 0.379838 0.06875 1.47707
2 0.443359 0.0021548 1.43588 0.36658 0.0375 1.49032
2 0.443359 0.0021548 1.43588 0.36216 0 1.49474
2 0.443359 0.0021548 1.43588 0.477065 -0.06875 1.37984
2 0.443359 0.0021548 1.43588 0.490324 -0.0375 1.36658
2 0.443359 0.0021548 1.43588 0.494743 0 1.36216
2 0.443359 0.0021548 1.43588 0.490324 0.0375 1.36658
2 0.443359 0.0021548 1.43588 0.477065 0.06875 1.37984
2 0.443359 0.0021548 1.43588 0.454968 0.0875 1.40194
2 0.443359 0.0021548 1.43588 0.428452 0.09375 1.42845
2 0.443359 0.0021548 1.43588 0.401935 0.0875 1.45497
2 0.443359 0.0021548 1.43588 0.36658 -0.0375 1.49032
2 0.443359 0.0021548 1.43588 0.379838 -0.06875 1.47707
2 0.443359 0.0021548 1.43588 0.401935 -0.0875 1.45497
2 0.443359 0.0021548 1.43588 0.428452 -0.09375 1.42845
2 0.443359 0.0021548 1.43588 0.454968 -0.0875 1.40194
2 0.47638 0.00227351 1.46972 0.464226 0.09375 1.46423
2 0.47638 0.00227351 1.46972 0.437709 0.0875 1.49074
2 0.47638 0.00227351 1.46972 0.415612 0.06875 1.51284
2 0.47638 0.00227351 1.46972 0.402354 0.0375 1.5261
2 0.47638 0.00227351 1.46972 0.526098 0.0375 1.40235
2 0.47638 0.00227351 1.46972 0.51284 0.06875 1.41561
2 0.47638 0.00227351 1.46972 0.490742 0.0875 1.43771
2 0.47638 0.00227351 1.46972 0.397934 0 1.53052
2 0.47638 0.00227351 1.46972 0.402354 -0.0375 1.5261
2 0.47638 0.00227351 1.46972 0.415612 -0.06875 1.51284
2 0.47638 0.00227351 1.46972 0.437709 -0.0875 1.49074
2 0.47638 0.00227351 1.46972 0.464226 -0.09375 1.46423
2 0.47638 0.00227351 1.46972 0.490742 -0.0875 1.43771
2 0.47638 0.00227351 1.46972 0.51284 -0.06875 1.41561
2 0.47638 0.00227351 1.46972 0.526098 -0.0375 1.40235
2 0.47638 0.00227351 1.46972 0.530517 0 1.39793
2 0.570517 0.00161101 1.56731 0.598065 -0.0875 1.54503
2 0.570517 0.00161101 1.56731 0.620162 -0.06875 1.52293
2 0.570517 0.00161101 1.56731 0.63342 -0.0375 1.50968
2 0.570517 0.00161101 1.56731 0.63784 0 1.50526
2 0.570517 0.00161101 1.56731 0.63342 0.0375 1.50968
2 0.570517 0.00161101 1.56731 0.620162 0.06875 1.52293
2 0.570517 0.00161101 1.56731 0.598065 0.0875 1.54503
2 0.570517 0.00161101 1.56731 0.571548 0.09375 1.57155
2 0.570517 0.00161101 1.56731 0.545032 0.0875 1.59806
2 0.570517 0.00161101 1.56731 0.522935 0.06875 1.62016
2 0.570517 0.00161101 1.56731 0.509676 0.0375 1.63342
2 0.570517 0.00161101 1.56731 0.505257 0 1.63784
2 0.570517 0.00161101 1.56731 0.509676 -0.0375 1.63342
2 0.570517 0.00161101 1.56731 0.522935 -0.06875 1.62016
2 0.570517 0.00161101 1.56731 0.545032 -0.0875 1.59806
2 0.570517 0.00161101 1.56731 0.571548 -0.09375 1.57155
2 0.633587 0.00128907 1.6311 0.643096 -0.09375 1.6431
2 0.633587 0.00128907 1.6311 0.669613 -0.0875 1.61658
2 0.633587 0.00128907 1.6311 0.69171 -0.06875 1.59448
2 0.633587 0.00128907 1.6311 0.704968 -0.0375 1.58122
2 0.633587 0.00128907 1.6311 0.709388 0 1.57681
2 0.633587 0.00128907 1.6311 0.704968 0.0375 1.58122
2 0.633587 0.00128907 1.6311 0.69171 0.06875 1.59448
2 0.633587 0.00128907 1.6311 0.669613 0.0875 1.61658
2 0.633587 0.00128907 1.6311 0.643096 0.09375 1.6431
2 0.633587 0.00128907 1.6311 0.61658 0.0875 1.66961
2 0.633587 0.00128907 1.6311 0.594483 0.06875 1.69171
2 0.633587 0.00128907 1.6311 0.581225 0.0375 1.70497
2 0.633587 0.00128907 1.6311 0.576805 0 1.70939
2 0.633587 0.00128907 1.6311 0.581225 -0.0375 1.70497
2 0.633587 0.00128907 1.6311 0.594483 -0.06875 1.69171
2 0.633587 0.00128907 1.6311 0.61658 -0.0875 1.66961
2 0.749859 0.00113608 1.74468 0.684127 0 1.81671
2 0.749859 0.00113608 1.74468 0.688547 -0.0375 1.81229
2 0.749859 0.00113608 1.74468 0.701805 -0.06875 1.79903
2 0.749859 0.00113608 1.74468 0.723902 -0.0875 1.77694
2 0.749859 0.00113608 1.74468 0.799033 0.06875 1.70181
2 0.749859 0.00113608 1.74468 0.776935 0.0875 1.7239
2 0.749859 0.00113608 1.74468 0.750419 0.09375 1.75042
2 0.749859 0.00113608 1.74468 0.723902 0.0875 1.77694
2 0.749859 0.00113608 1.74468 0.701805 0.06875 1.79903
2 0.749859 0.00113608 1.74468 0.688547 0.0375 1.81229
2 0.749859 0.00113608 1.74468 0.750419 -0.09375 1.75042
2 0.749859 0.00113608 1.74468 0.776935 -0.0875 1.7239
2 0.749859 0.00113608 1.74468 0.799033 -0.06875 1.70181
2 0.749859 0.00113608 1.74468 0.812291 -0.0375 1.68855
2 0.749859 0.00113608 1.74468 0.81671 0 1.68413
2 0.749859 0.00113608 1.74468 0.812291 0.0375 1.68855
2 0.795115 0.00120654 1.78759 0.852484 0 1.7199
2 0.795115 0.00120654 1.78759 0.848065 0.0375 1.72432
2 0.795115 0.00120654 1.78759 0.759676 -0.0875 1.81271
2 0.795115 0.00120654 1.78759 0.786193 -0.09375 1.78619
2 0.795115 0.00120654 1.78759 0.81271 -0.0875 1.75968
2 0.795115 0.00120654 1.78759 0.834807 -0.06875 1.73758
2 0.795115 0.00120654 1.78759 0.848065 -0.0375 1.72432
2 0.795115 0.00120654 1.78759 0.834807 0.06875 1.73758
2 0.795115 0.00120654 1.78759 0.81271 0.0875 1.75968
2 0.795115 0.00120654 1.78759 0.786193 0.09375 1.78619
2 0.795115 0.00120654 1.78759 0.759676 0.0875 1.81271
2 0.795115 0.00120654 1.78759 0.737579 0.06875 1.83481
2 0.795115 0.00120654 1.78759 0.724321 0.0375 1.84806
2 0.795115 0.00120654 1.78759 0.719902 0 1.85248
2 0.795115 0.00120654 1.78759 0.724321 -0.0375 1.84806
2 0.795115 0.00120654 1.78759 0.737579 -0.06875 1.83481
2 -0.0300107 -0.000423986 0.492913 -0.0235701 -0.09375 0.37643
2 -0.0300107 -0.000423986 0.492913 0.0384678 0.06875 0.360225
2 -0.0300107 -0.000423986 0.492913 0.0102688 0.0875 0.367591
2 -0.0300107 -0.000423986 0.492913 -0.0574089 -0.0875 0.385269
2 -0.0300107 -0.000423986 0.492913 0.0553872 0.0375 0.355806
2 -0.0329007 -0.000408001 0.539112 -0.0294627 -0.09375 0.445537
2 -0.0329007 -0.000408001 0.539112 0.0473589 0.0375 0.419758
2 -0.0329007 -0.000408001 0.539112 0.00346088 -0.0875 0.434489
2 -0.0329007 -0.000408001 0.539112 0.0528462 0 0.417916
2 -0.0329007 -0.000408001 0.539112 0.0308972 -0.06875 0.425282
2 -0.0329007 -0.000408001 0.539112 0.0473589 -0.0375 0.419758
2 -0.0329007 -0.000408001 0.539112 -0.0235701 0.09375 0.37643
2 -0.0329007 -0.000408001 0.539112 -0.0574089 0.0875 0.385269
2 -0.0329007 -0.000408001 0.539112 -0.085608 0.06875 0.392634
2 -0.0329007 -0.000408001 0.539112 -0.102527 0.0375 0.397054
2 -0.0329007 -0.000408001 0.539112 -0.108167 0 0.398527
2 -0.0329007 -0.000408001 0.539112 -0.102527 -0.0375 0.397054
2 -0.0329007 -0.000408001 0.539112 -0.085608 -0.06875 0.392634
2 -0.0387927 -0.000373523 0.642681 -0.0412478 -0.09375 0.583752
2 -0.0387927 -0.000373523 0.642681 0.0157558 0.06875 0.555394
2 -0.0387927 -0.000373523 0.642681 -0.0673635 0.0875 0.527903
2 -0.0387927 -0.000373523 0.642681 -0.094037 0.06875 0.538951
2 -0.0387927 -0.000373523 0.642681 -0.110041 0.0375 0.545581
2 -0.0387927 -0.000373523 0.642681 -0.115376 0 0.54779
2 -0.0387927 -0.000373523 0.642681 -0.110041 -0.0375 0.545581
2 -0.0387927 -0.000373523 0.642681 -0.094037 -0.06875 0.538951
2 0.0943408 0.000118557 1.16461 0.11465 0.0880625 1.16991
2 0.0943408 0.000118557 1.16461 0.0919911 0.0695938 1.19312
2 0.0943408 0.000118557 1.16461 0.079282 0.0380625 1.20749
2 0.0943408 0.000118557 1.16461 0.075415 0 1.21246
2 0.0943408 0.000118557 1.16461 0.079282 -0.0380625 1.20749
2 0.0943408 0.000118557 1.16461 0.0919911 -0.0695938 1.19312
2 0.0943408 0.000118557 1.16461 0.11465 -0.0880625 1.16991
2 0.0943408 0.000118557 1.16461 0.142005 -0.0938906 1.14256
2 0.0943408 0.000118557 1.16461 0.168801 -0.0875 1.11577
2 0.0943408 0.000118557 1.16461 0.190899 -0.06875 1.09367
2 0.0943408 0.000118557 1.16461 0.204157 -0.0375 1.08041
2 0.0943408 0.000118557 1.16461 0.208576 0 1.07599
2 0.0943408 0.000118557 1.16461 0.204157 0.0375 1.08041
2 0.0943408 0.000118557 1.16461 0.190899 0.06875 1.09367
2 0.0943408 0.000118557 1.16461 0.168801 0.0875 1.11577
2 0.0943408 0.000118557 1.16461 0.142005 0.0938906 1.14256
2 -0.0143488 -0.000370258 0.251506 0.0234589 -0.0875 0.234852
2 -0.0143488 -0.000370258 0.251506 0.0531358 -0.06875 0.231054
2 -0.0143488 -0.000370258 0.251506 0.0709419 -0.0375 0.228775
2 -0.0143488 -0.000370258 0.251506 0.0768773 0 0.228016
2 -0.0143488 -0.000370258 0.251506 0.0709419 0.0375 0.228775
2 -0.0143488 -0.000370258 0.251506 0.0531358 0.06875 0.231054
2 -0.0143488 -0.000370258 0.251506 -0.0477655 -0.0875 0.243967
2 -0.0143488 -0.000370258 0.251506 -0.0121533 -0.09375 0.239409
2 -0.000643332 0.000733753 0.0325411 0.0902873 0 0.00458159
2 -0.000643332 0.000733753 0.0325411 0.0842205 -0.0362847 0.00521225
2 -0.000643332 0.000733753 0.0325411 0.0660633 -0.0665365 0.00588894
2 -0.000643332 0.000733753 0.0325411 -0.0365958 0.0847222 0.0056726
2 -0.000643332 0.000733753 0.0325411 -0.000368281 0.0907986 0.00492686
2 -0.000643332 0.000733753 0.0325411 0.0358592 0.0847222 0.00539639
2 -0.000643332 0.000733753 0.0325411 0.0660633 0.0665365 0.00588894
2 -0.000643332 0.000733753 0.0325411 0.0842205 0.0362847 0.00521225
2 -0.000643332 0.000733753 0.0325411 0.0358592 -0.0847222 0.00539639
2 -0.000643332 0.000733753 0.0325411 -0.000368281 -0.0907986 0.00492686
2 -0.000643332 0.000733753 0.0325411 -0.0365958 -0.0847222 0.0056726
2 -0.000643332 0.000733753 0.0325411 -0.0667999 -0.0665365 0.00639533
2 -0.000643332 0.000733753 0.0325411 -0.084957 -0.0362847 0.00585674
2 -0.000643332 0.000733753 0.0325411 -0.0910239 0 0.00527212
2 -0.000643332 0.000733753 0.0325411 -0.084957 0.0362847 0.00585674
2 -0.000643332 0.000733753 0.0325411 -0.0667999 0.0665365 0.00639533
2 -0.0256268 -3.99127e-05 1.05675 -0.0694376 0.0962187 1.06957
2 -0.0249466 -0.000452691 0.413623 0.0102688 -0.0875 0.367591
2 -0.0249466 -0.000452691 0.413623 0.0384678 -0.06875 0.360225
2 -0.0249466 -0.000452691 0.413623 0.0553872 -0.0375 0.355806
2 -0.0249466 -0.000452691 0.413623 0.061027 0 0.354333
2 -0.0249466 -0.000452691 0.413623 0.0460384 0.06875 0.295169
2 -0.044968 -0.000339954 0.764009 0.00992898 -0.0375 0.737727
2 -0.044968 -0.000339954 0.764009 0.014663 0 0.734068
2 -0.044968 -0.000339954 0.764009 0.00992898 0.0375 0.737727
2 -0.044968 -0.000339954 0.764009 -0.00427313 0.06875 0.748707
2 -0.044968 -0.000339954 0.764009 -0.102466 0.06875 0.685269
2 -0.044968 -0.000339954 0.764009 -0.117555 0.0375 0.694107
2 -0.044968 -0.000339954 0.764009 -0.122584 0 0.697054
2 -0.044968 -0.000339954 0.764009 -0.117555 -0.0375 0.694107
2 -0.044968 -0.000339954 0.764009 -0.102466 -0.06875 0.685269
2 -0.379498 0.000719956 1.38865 -0.418775 0.0375 1.29503
2 -0.379498 0.000719956 1.38865 -0.423195 0 1.29061
2 -0.379498 0.000719956 1.38865 -0.418775 -0.0375 1.29503
2 -0.379498 0.000719956 1.38865 -0.405517 -0.06875 1.30829
2 -0.379498 0.000719956 1.38865 -0.38342 -0.0875 1.33039
2 -0.379498 0.000719956 1.38865 -0.356903 -0.09375 1.3569
2 -0.379498 0.000719956 1.38865 -0.330387 -0.0875 1.38342
2 -0.379498 0.000719956 1.38865 -0.30829 -0.06875 1.40552
2 -0.379498 0.000719956 1.38865 -0.295032 -0.0375 1.41878
2 -0.379498 0.000719956 1.38865 -0.290612 0 1.42319
2 -0.379498 0.000719956 1.38865 -0.295032 0.0375 1.41878
2 -0.379498 0.000719956 1.38865 -0.30829 0.06875 1.40552
2 -0.379498 0.000719956 1.38865 -0.330387 0.0875 1.38342
2 -0.379498 0.000719956 1.38865 -0.356903 0.09375 1.3569
2 -0.379498 0.000719956 1.38865 -0.38342 0.0875 1.33039
2 -0.379498 0.000719956 1.38865 -0.405517 0.06875 1.30829
2 -0.542766 0.00118323 1.54019 -0.562291 0.0875 1.50926
2 -0.542766 0.00118323 1.54019 -0.584388 0.06875 1.48716
2 -0.542766 0.00118323 1.54019 -0.597646 0.0375 1.4739
2 -0.542766 0.00118323 1.54019 -0.602066 0 1.46948
2 -0.542766 0.00118323 1.54019 -0.597646 -0.0375 1.4739
2 -0.542766 0.00118323 1.54019 -0.584388 -0.06875 1.48716
2 -0.542766 0.00118323 1.54019 -0.562291 -0.0875 1.50926
2 -0.542766 0.00118323 1.54019 -0.535774 -0.09375 1.53577
2 -0.542766 0.00118323 1.54019 -0.509258 -0.0875 1.56229
2 -0.542766 0.00118323 1.54019 -0.48716 -0.06875 1.58439
2 -0.542766 0.00118323 1.54019 -0.473902 -0.0375 1.59765
2 -0.542766 0.00118323 1.54019 -0.469483 0 1.60207
2 -0.542766 0.00118323 1.54019 -0.473902 0.0375 1.59765
2 -0.542766 0.00118323 1.54019 -0.48716 0.06875 1.58439
2 -0.542766 0.00118323 1.54019 -0.509258 0.0875 1.56229
2 -0.542766 0.00118323 1.54019 -0.535774 0.09375 1.53577
2 -0.579961 0.00107753 1.57712 -0.509676 0.0375 1.63342
2 -0.579961 0.00107753 1.57712 -0.522935 0.06875 1.62016
2 -0.579961 0.00107753 1.57712 -0.545032 0.0875 1.59806
2 -0.579961 0.00107753 1.57712 -0.571548 0.09375 1.57155
2 -0.579961 0.00107753 1.57712 -0.598065 0.0875 1.54503
2 -0.579961 0.00107753 1.57712 -0.620162 0.06875 1.52293
2 -0.579961 0.00107753 1.57712 -0.63342 0.0375 1.50968
2 -0.579961 0.00107753 1.57712 -0.63784 0 1.50526
2 -0.579961 0.00107753 1.57712 -0.63342 -0.0375 1.50968
2 -0.579961 0.00107753 1.57712 -0.620162 -0.06875 1.52293
2 -0.579961 0.00107753 1.57712 -0.598065 -0.0875 1.54503
2 -0.579961 0.00107753 1.57712 -0.571548 -0.09375 1.57155
2 -0.505836 0.00120152 1.50386 -0.438128 0.0375 1.56187
2 -0.505836 0.00120152 1.50386 -0.451386 0.06875 1.54861
2 -0.505836 0.00120152 1.50386 -0.473483 0.0875 1.52652
2 -0.505836 0.00120152 1.50386 -0.5 0.09375 1.5
2 -0.505836 0.00120152 1.50386 -0.526517 0.0875 1.47348
2 -0.505836 0.00120152 1.50386 -0.548614 0.06875 1.45139
2 -0.505836 0.00120152 1.50386 -0.561872 -0.0375 1.43813
2 -0.505836 0.00120152 1.50386 -0.548614 -0.06875 1.45139
2 -0.505836 0.00120152 1.50386 -0.526517 -0.0875 1.47348
2 -0.505836 0.00120152 1.50386 -0.5 -0.09375 1.5
2 -0.505836 0.00120152 1.50386 -0.473483 -0.0875 1.52652
2 -0.505836 0.00120152 1.50386 -0.451386 -0.06875 1.54861
2 -0.505836 0.00120152 1.50386 -0.438128 -0.0375 1.56187
2 -0.505836 0.00120152 1.50386 -0.433709 0 1.56629
2 -0.757551 -0.00197636 1.75218 -0.776935 -0.0875 1.7239
2 -0.757551 -0.00197636 1.75218 -0.750419 -0.09375 1.75042
2 -0.757551 -0.00197636 1.75218 -0.723902 -0.0875 1.77694
2 -0.757551 -0.00197636 1.75218 -0.701805 -0.06875 1.79903
2 -0.757551 -0.00197636 1.75218 -0.688547 -0.0375 1.81229
2 -0.757551 -0.00197636 1.75218 -0.812291 -0.0375 1.68855
2 -0.757551 -0.00197636 1.75218 -0.799033 -0.06875 1.70181
2 -0.757551 -0.00197636 1.75218 -0.684127 0 1.81671
2 -0.757551 -0.00197636 1.75218 -0.688547 0.0375 1.81229
2 -0.757551 -0.00197636 1.75218 -0.701805 0.06875 1.79903
2 -0.757551 -0.00197636 1.75218 -0.723902 0.0875 1.77694
2 -0.757551 -0.00197636 1.75218 -0.750419 0.09375 1.75042
2 -0.757551 -0.00197636 1.75218 -0.776935 0.0875 1.7239
2 -0.757551 -0.00197636 1.75218 -0.799033 0.06875 1.70181
2 -0.757551 -0.00197636 1.75218 -0.812291 0.0375 1.68855
2 -0.757551 -0.00197636 1.75218 -0.81671 0 1.68413
2 0.0642433 5.62128e-05 1.1376 0.105471 0.0943125 1.1077
2 0.0642433 5.62128e-05 1.1376 0.105471 -0.0943125 1.1077
2 0.0642433 5.62128e-05 1.1376 0.133106 -0.0875 1.08007
2 0.0642433 5.62128e-05 1.1376 0.155203 -0.06875 1.05798
2 0.0642433 5.62128e-05 1.1376 0.168461 -0.0375 1.04472
2 0.0642433 5.62128e-05 1.1376 0.172881 0 1.0403
2 0.0642433 5.62128e-05 1.1376 0.168461 0.0375 1.04472
2 0.0642433 5.62128e-05 1.1376 0.155203 0.06875 1.05798
2 0.0642433 5.62128e-05 1.1376 0.133106 0.0875 1.08007
2 0.381251 0.00156199 1.37655 0.356903 -0.09375 1.3569
2 0.381251 0.00156199 1.37655 0.38342 -0.0875 1.33039
2 0.381251 0.00156199 1.37655 0.405517 -0.06875 1.30829
2 0.381251 0.00156199 1.37655 0.418775 -0.0375 1.29503
2 0.381251 0.00156199 1.37655 0.423195 0 1.29061
2 0.381251 0.00156199 1.37655 0.418775 0.0375 1.29503
2 0.381251 0.00156199 1.37655 0.405517 0.06875 1.30829
2 0.381251 0.00156199 1.37655 0.38342 0.0875 1.33039
2 0.381251 0.00156199 1.37655 0.356903 0.09375 1.3569
2 0.381251 0.00156199 1.37655 0.330387 0.0875 1.38342
2 0.381251 0.00156199 1.37655 0.30829 0.06875 1.40552
2 0.381251 0.00156199 1.37655 0.295032 0.0375 1.41878
2 0.381251 0.00156199 1.37655 0.290612 0 1.42319
2 0.381251 0.00156199 1.37655 0.295032 -0.0375 1.41878
2 0.381251 0.00156199 1.37655 0.30829 -0.06875 1.40552
2 0.381251 0.00156199 1.37655 0.330387 -0.0875 1.38342
2 0.342169 0.0012152 1.3438 0.369743 0.06875 1.27252
2 0.342169 0.0012152 1.3438 0.347646 0.0875 1.29461
2 0.342169 0.0012152 1.3438 0.321129 0.09375 1.32113
2 0.342169 0.0012152 1.3438 0.294613 0.0875 1.34765
2 0.342169 0.0012152 1.3438 0.272516 0.06875 1.36974
2 0.342169 0.0012152 1.3438 0.259258 0.0375 1.383
2 0.342169 0.0012152 1.3438 0.254838 0 1.38742
2 0.342169 0.0012152 1.3438 0.259258 -0.0375 1.383
2 0.342169 0.0012152 1.3438 0.272516 -0.06875 1.36974
2 0.342169 0.0012152 1.3438 0.294613 -0.0875 1.34765
2 0.342169 0.0012152 1.3438 0.321129 -0.09375 1.32113
2 0.537027 0.00189618 1.53276 0.562291 -0.0875 1.50926
2 0.537027 0.00189618 1.53276 0.584388 -0.06875 1.48716
2 0.537027 0.00189618 1.53276 0.597646 -0.0375 1.4739
2 0.537027 0.00189618 1.53276 0.602066 0 1.46948
2 0.537027 0.00189618 1.53276 0.597646 0.0375 1.4739
2 0.537027 0.00189618 1.53276 0.584388 0.06875 1.48716
2 0.537027 0.00189618 1.53276 0.562291 0.0875 1.50926
2 0.537027 0.00189618 1.53276 0.535774 0.09375 1.53577
2 0.537027 0.00189618 1.53276 0.509258 0.0875 1.56229
2 0.537027 0.00189618 1.53276 0.509258 -0.0875 1.56229
2 0.537027 0.00189618 1.53276 0.535774 -0.09375 1.53577
2 0.830587 0.00462076 1.82622 0.821967 0.09375 1.82197
2 0.830587 0.00462076 1.82622 0.795451 0.0875 1.84848
2 0.830587 0.00462076 1.82622 0.773353 0.06875 1.87058
2 0.830587 0.00462076 1.82622 0.760095 0.0375 1.88384
2 0.830587 0.00462076 1.82622 0.755676 0 1.88826
2 0.830587 0.00462076 1.82622 0.760095 -0.0375 1.88384
2 0.830587 0.00462076 1.82622 0.773353 -0.06875 1.87058
2 0.830587 0.00462076 1.82622 0.870581 0.06875 1.77335
2 0.830587 0.00462076 1.82622 0.848484 0.0875 1.79545
2 0.830587 0.00462076 1.82622 0.795451 -0.0875 1.84848
2 0.830587 0.00462076 1.82622 0.821967 -0.09375 1.82197
2 0.830587 0.00462076 1.82622 0.848484 -0.0875 1.79545
2 0.830587 0.00462076 1.82622 0.870581 -0.06875 1.77335
2 0.830587 0.00462076 1.82622 0.883839 -0.0375 1.7601
2 0.830587 0.00462076 1.82622 0.888259 0 1.75568
2 0.830587 0.00462076 1.82622 0.883839 0.0375 1.7601
2 0.89796 0.00434946 1.89379 0.866894 0.0875 1.91993
2 0.89796 0.00434946 1.89379 0.844797 0.06875 1.94202
2 0.89796 0.00434946 1.89379 0.831539 0.0375 1.95528
2 0.89796 0.00434946 1.89379 0.827119 0 1.9597
2 0.89796 0.00434946 1.89379 0.831539 -0.0375 1.95528
2 0.89796 0.00434946 1.89379 0.844797 -0.06875 1.94202
2 0.89796 0.00434946 1.89379 0.942024 0.06875 1.8448
2 0.89796 0.00434946 1.89379 0.919927 0.0875 1.86689
2 0.89796 0.00434946 1.89379 0.893411 0.09375 1.89341
2 0.89796 0.00434946 1.89379 0.866894 -0.0875 1.91993
2 0.89796 0.00434946 1.89379 0.893411 -0.09375 1.89341
2 0.89796 0.00434946 1.89379 0.919927 -0.0875 1.86689
2 0.89796 0.00434946 1.89379 0.942024 -0.06875 1.8448
2 0.89796 0.00434946 1.89379 0.955282 -0.0375 1.83154
2 0.89796 0.00434946 1.89379 0.959702 0 1.82712
2 0.89796 0.00434946 1.89379 0.955282 0.0375 1.83154
2 -0.040943 -0.000154656 0.972923 -0.124669 -0.0786 0.983989
2 -0.040943 -0.000154656 0.972923 0.0291778 0.0875 0.971538
2 -0.852989 -0.000695304 1.84883 -0.809101 0.06875 1.90633
2 -0.852989 -0.000695304 1.84883 -0.831199 0.0875 1.88423
2 -0.852989 -0.000695304 1.84883 -0.857715 0.09375 1.85772
2 -0.852989 -0.000695304 1.84883 -0.884232 0.0875 1.8312
2 -0.852989 -0.000695304 1.84883 -0.906329 0.06875 1.8091
2 -0.852989 -0.000695304 1.84883 -0.919587 0.0375 1.79584
2 -0.852989 -0.000695304 1.84883 -0.924006 0 1.79142
2 -0.852989 -0.000695304 1.84883 -0.919587 -0.0375 1.79584
2 -0.852989 -0.000695304 1.84883 -0.906329 -0.06875 1.8091
2 -0.852989 -0.000695304 1.84883 -0.884232 -0.0875 1.8312
2 -0.852989 -0.000695304 1.84883 -0.857715 -0.09375 1.85772
2 -0.852989 -0.000695304 1.84883 -0.831199 -0.0875 1.88423
2 -0.852989 -0.000695304 1.84883 -0.809101 -0.06875 1.90633
2 -0.852989 -0.000695304 1.84883 -0.795843 -0.0375 1.91959
2 -0.852989 -0.000695304 1.84883 -0.791424 0 1.92401
2 -0.852989 -0.000695304 1.84883 -0.795843 0.0375 1.91959
2 -0.822195 -0.00197322 1.81697 -0.848484 0.0875 1.79545
2 -0.822195 -0.00197322 1.81697 -0.870581 0.06875 1.77335
2 -0.822195 -0.00197322 1.81697 -0.883839 0.0375 1.7601
2 -0.822195 -0.00197322 1.81697 -0.888259 0 1.75568
2 -0.822195 -0.00197322 1.81697 -0.883839 -0.0375 1.7601
2 -0.822195 -0.00197322 1.81697 -0.870581 -0.06875 1.77335
2 -0.822195 -0.00197322 1.81697 -0.848484 -0.0875 1.79545
2 -0.822195 -0.00197322 1.81697 -0.821967 -0.09375 1.82197
2 -0.822195 -0.00197322 1.81697 -0.795451 -0.0875 1.84848
2 -0.822195 -0.00197322 1.81697 -0.773353 -0.06875 1.87058
2 -0.822195 -0.00197322 1.81697 -0.760095 -0.0375 1.88384
2 -0.822195 -0.00197322 1.81697 -0.755676 0 1.88826
2 -0.822195 -0.00197322 1.81697 -0.760095 0.0375 1.88384
2 -0.822195 -0.00197322 1.81697 -0.773353 0.06875 1.87058
2 -0.822195 -0.00197322 1.81697 -0.795451 0.0875 1.84848
2 -0.822195 -0.00197322 1.81697 -0.821967 0.09375 1.82197
2 -0.884514 0.000669522 1.88092 -0.919927 0.0875 1.86689
2 -0.884514 0.000669522 1.88092 -0.942024 0.06875 1.8448
2 -0.884514 0.000669522 1.88092 -0.955282 0.0375 1.83154
2 -0.884514 0.000669522 1.88092 -0.959702 0 1.82712
2 -0.884514 0.000669522 1.88092 -0.955282 -0.0375 1.83154
2 -0.884514 0.000669522 1.88092 -0.942024 -0.06875 1.8448
2 -0.884514 0.000669522 1.88092 -0.919927 -0.0875 1.86689
2 -0.884514 0.000669522 1.88092 -0.893411 -0.09375 1.89341
2 -0.884514 0.000669522 1.88092 -0.866894 -0.0875 1.91993
2 -0.884514 0.000669522 1.88092 -0.844797 -0.06875 1.94202
2 -0.884514 0.000669522 1.88092 -0.831539 -0.0375 1.95528
2 -0.884514 0.000669522 1.88092 -0.827119 0 1.9597
2 -0.884514 0.000669522 1.88092 -0.831539 0.0375 1.95528
2 -0.884514 0.000669522 1.88092 -0.844797 0.06875 1.94202
2 -0.884514 0.000669522 1.88092 -0.866894 0.0875 1.91993
2 -0.884514 0.000669522 1.88092 -0.893411 0.09375 1.89341
2 -0.917876 0.00221178 1.91429 -0.955544 -0.0875 1.90251
2 -0.917876 0.00221178 1.91429 -0.977641 -0.06875 1.88041
2 -0.917876 0.00221178 1.91429 -0.990899 -0.0375 1.86716
2 -0.917876 0.00221178 1.91429 -0.995319 0 1.86274
2 -0.917876 0.00221178 1.91429 -0.990899 0.0375 1.86716
2 -0.917876 0.00221178 1.91429 -0.977641 0.06875 1.88041
2 -0.917876 0.00221178 1.91429 -0.955544 0.0875 1.90251
2 -0.917876 0.00221178 1.91429 -0.929028 0.09375 1.92903
2 -0.917876 0.00221178 1.91429 -0.902511 0.0875 1.95554
2 -0.917876 0.00221178 1.91429 -0.880414 0.06875 1.97764
2 -0.917876 0.00221178 1.91429 -0.867156 0.0375 1.9909
2 -0.917876 0.00221178 1.91429 -0.862737 0 1.99532
2 -0.917876 0.00221178 1.91429 -0.867156 -0.0375 1.9909
2 -0.917876 0.00221178 1.91429 -0.880414 -0.06875 1.97764
2 -0.917876 0.00221178 1.91429 -0.902511 -0.0875 1.95554
2 -0.917876 0.00221178 1.91429 -0.929028 -0.09375 1.92903
2 0.155797 0.0002742 1.20913 0.18729 0.0875 1.24032
2 0.155797 0.0002742 1.20913 0.165193 0.06875 1.26242
2 0.155797 0.0002742 1.20913 0.213807 0.09375 1.21381
2 0.155797 0.0002742 1.20913 0.151935 0.0375 1.27568
2 0.155797 0.0002742 1.20913 0.147516 0 1.2801
2 0.155797 0.0002742 1.20913 0.151935 -0.0375 1.27568
2 0.155797 0.0002742 1.20913 0.165193 -0.06875 1.26242
2 0.155797 0.0002742 1.20913 0.18729 -0.0875 1.24032
2 0.155797 0.0002742 1.20913 0.213807 -0.09375 1.21381
2 0.155797 0.0002742 1.20913 0.240324 -0.0875 1.18729
2 0.155797 0.0002742 1.20913 0.262421 -0.06875 1.16519
2 0.155797 0.0002742 1.20913 0.275679 -0.0375 1.15194
2 0.155797 0.0002742 1.20913 0.280098 0 1.14752
2 0.155797 0.0002742 1.20913 0.275679 0.0375 1.15194
2 0.155797 0.0002742 1.20913 0.262421 0.06875 1.16519
2 0.155797 0.0002742 1.20913 0.240324 0.0875 1.18729
2 0.506135 0.00216644 1.50063 0.5 -0.09375 1.5
2 0.506135 0.00216644 1.50063 0.526517 -0.0875 1.47348
2 0.506135 0.00216644 1.50063 0.548614 -0.06875 1.45139
2 0.506135 0.00216644 1.50063 0.561872 -0.0375 1.43813
2 0.506135 0.00216644 1.50063 0.566291 0 1.43371
2 0.506135 0.00216644 1.50063 0.561872 0.0375 1.43813
2 0.506135 0.00216644 1.50063 0.548614 0.06875 1.45139
2 0.506135 0.00216644 1.50063 0.526517 0.0875 1.47348
2 0.506135 0.00216644 1.50063 0.5 0.09375 1.5
2 0.506135 0.00216644 1.50063 0.473483 0.0875 1.52652
2 0.506135 0.00216644 1.50063 0.451386 0.06875 1.54861
2 0.506135 0.00216644 1.50063 0.438128 0.0375 1.56187
2 0.506135 0.00216644 1.50063 0.433709 0 1.56629
2 0.506135 0.00216644 1.50063 0.438128 -0.0375 1.56187
2 0.506135 0.00216644 1.50063 0.451386 -0.06875 1.54861
2 0.506135 0.00216644 1.50063 0.473483 -0.0875 1.52652
2 0.59995 0.00142816 1.59727 0.669194 -0.0375 1.54545
2 0.59995 0.00142816 1.59727 0.673614 0 1.54103
2 0.59995 0.00142816 1.59727 0.669194 0.0375 1.54545
2 0.59995 0.00142816 1.59727 0.655936 0.06875 1.55871
2 0.59995 0.00142816 1.59727 0.633839 0.0875 1.58081
2 0.59995 0.00142816 1.59727 0.607322 0.09375 1.60732
2 0.713695 0.00112546 1.70996 0.741161 -0.0875 1.68813
2 0.713695 0.00112546 1.70996 0.763258 -0.06875 1.66603
2 0.713695 0.00112546 1.70996 0.776517 -0.0375 1.65277
2 0.713695 0.00112546 1.70996 0.780936 0 1.64835
2 0.713695 0.00112546 1.70996 0.776517 0.0375 1.65277
2 0.713695 0.00112546 1.70996 0.763258 0.06875 1.66603
2 0.713695 0.00112546 1.70996 0.741161 0.0875 1.68813
2 0.713695 0.00112546 1.70996 0.714645 0.09375 1.71464
2 0.713695 0.00112546 1.70996 0.688128 0.0875 1.74116
2 0.713695 0.00112546 1.70996 0.666031 0.06875 1.76326
2 0.713695 0.00112546 1.70996 0.652773 0.0375 1.77652
2 0.713695 0.00112546 1.70996 0.648353 0 1.78094
2 0.713695 0.00112546 1.70996 0.652773 -0.0375 1.77652
2 0.713695 0.00112546 1.70996 0.666031 -0.06875 1.76326
2 0.713695 0.00112546 1.70996 0.688128 -0.0875 1.74116
2 0.713695 0.00112546 1.70996 0.714645 -0.09375 1.71464
2 0.676562 0.00116893 1.67373 0.652354 0.0875 1.70539
2 0.676562 0.00116893 1.67373 0.630257 0.06875 1.72748
2 0.676562 0.00116893 1.67373 0.616999 0.0375 1.74074
2 0.676562 0.00116893 1.67373 0.612579 0 1.74516
2 0.676562 0.00116893 1.67373 0.616999 -0.0375 1.74074
2 0.676562 0.00116893 1.67373 0.630257 -0.06875 1.72748
2 0.676562 0.00116893 1.67373 0.740742 0.0375 1.617
2 0.676562 0.00116893 1.67373 0.727484 0.06875 1.63026
2 0.676562 0.00116893 1.67373 0.705387 0.0875 1.65235
2 0.676562 0.00116893 1.67373 0.678871 0.09375 1.67887
2 0.676562 0.00116893 1.67373 0.652354 -0.0875 1.70539
2 0.676562 0.00116893 1.67373 0.678871 -0.09375 1.67887
2 0.676562 0.00116893 1.67373 0.705387 -0.0875 1.65235
2 0.676562 0.00116893 1.67373 0.727484 -0.06875 1.63026
2 0.676562 0.00116893 1.67373 0.740742 -0.0375 1.617
2 0.676562 0.00116893 1.67373 0.745162 0 1.61258
2 0.861224 0.00443646 1.85699 0.919587 -0.0375 1.79584
2 0.861224 0.00443646 1.85699 0.924006 0 1.79142
2 0.861224 0.00443646 1.85699 0.919587 0.0375 1.79584
2 0.861224 0.00443646 1.85699 0.906329 0.06875 1.8091
2 0.861224 0.00443646 1.85699 0.884232 0.0875 1.8312
2 0.861224 0.00443646 1.85699 0.857715 0.09375 1.85772
2 0.861224 0.00443646 1.85699 0.831199 0.0875 1.88423
2 0.861224 0.00443646 1.85699 0.809101 0.06875 1.90633
2 0.861224 0.00443646 1.85699 0.795843 0.0375 1.91959
2 0.861224 0.00443646 1.85699 0.791424 0 1.92401
2 0.861224 0.00443646 1.85699 0.795843 -0.0375 1.91959
2 0.861224 0.00443646 1.85699 0.809101 -0.06875 1.90633
2 0.861224 0.00443646 1.85699 0.831199 -0.0875 1.88423
2 0.861224 0.00443646 1.85699 0.857715 -0.09375 1.85772
2 0.861224 0.00443646 1.85699 0.884232 -0.0875 1.8312
2 0.861224 0.00443646 1.85699 0.906329 -0.06875 1.8091
2 0.953793 0.00344169 1.94907 1.02641 0.0375 1.90267
2 0.953793 0.00344169 1.94907 1.03083 0 1.89825
2 0.953793 0.00344169 1.94907 1.02641 -0.0375 1.90267
2 0.953793 0.00344169 1.94907 1.01315 -0.06875 1.91593
2 0.953793 0.00344169 1.94907 0.991056 -0.0875 1.93802
2 0.953793 0.00344169 1.94907 0.96454 -0.09375 1.96454
2 0.953793 0.00344169 1.94907 0.915927 0.06875 2.01315
2 0.953793 0.00344169 1.94907 0.938024 0.0875 1.99106
2 0.953793 0.00344169 1.94907 0.96454 0.09375 1.96454
2 0.953793 0.00344169 1.94907 0.991056 0.0875 1.93802
2 0.953793 0.00344169 1.94907 1.01315 0.06875 1.91593
2 0.953793 0.00344169 1.94907 0.938024 -0.0875 1.99106
2 0.953793 0.00344169 1.94907 0.915927 -0.06875 2.01315
2 0.953793 0.00344169 1.94907 0.902668 -0.0375 2.02641
2 0.953793 0.00344169 1.94907 0.898249 0 2.03083
2 0.953793 0.00344169 1.94907 0.902668 0.0375 2.02641
2 -0.00793174 0.00160208 0.161917 0.0640184 0.06875 0.10941
2 -0.00793174 0.00160208 0.161917 0.0332451 0.0875 0.110561
2 -0.00793174 0.00160208 0.161917 -0.00368281 0.09375 0.111942
2 -0.00793174 0.00160208 0.161917 -0.0406108 0.0875 0.113323
2 -0.00793174 0.00160208 0.161917 -0.0713841 0.06875 0.114474
2 -0.00793174 0.00160208 0.161917 -0.089848 0.0375 0.115165
2 -0.00793174 0.00160208 0.161917 -0.0960027 0 0.115395
2 -0.00793174 0.00160208 0.161917 -0.089848 -0.0375 0.115165
2 -0.33973 0.00051824 1.35414 -0.347646 0.0875 1.29461
2 -0.33973 0.00051824 1.35414 -0.369743 0.06875 1.27252
2 -0.33973 0.00051824 1.35414 -0.383001 0.0375 1.25926
2 -0.33973 0.00051824 1.35414 -0.387421 0 1.25484
2 -0.33973 0.00051824 1.35414 -0.383001 -0.0375 1.25926
2 -0.33973 0.00051824 1.35414 -0.369743 -0.06875 1.27252
2 -0.33973 0.00051824 1.35414 -0.347646 -0.0875 1.29461
2 -0.33973 0.00051824 1.35414 -0.321129 -0.09375 1.32113
2 -0.33973 0.00051824 1.35414 -0.294613 -0.0875 1.34765
2 -0.33973 0.00051824 1.35414 -0.272516 -0.06875 1.36974
2 -0.33973 0.00051824 1.35414 -0.259258 -0.0375 1.383
2 -0.33973 0.00051824 1.35414 -0.254838 0 1.38742
2 -0.33973 0.00051824 1.35414 -0.259258 0.0375 1.383
2 -0.33973 0.00051824 1.35414 -0.272516 0.06875 1.36974
2 -0.33973 0.00051824 1.35414 -0.294613 0.0875 1.34765
2 -0.33973 0.00051824 1.35414 -0.321129 0.09375 1.32113
2 -0.581251 0.00107109 1.5784 -0.545032 -0.0875 1.59806
2 -0.581251 0.00107109 1.5784 -0.522935 -0.06875 1.62016
2 -0.581251 0.00107109 1.5784 -0.509676 -0.0375 1.63342
2 -0.581251 0.00107109 1.5784 -0.505257 0 1.63784
2 0.20835 0.000461246 1.24583 0.276098 -0.0875 1.22306
2 0.20835 0.000461246 1.24583 0.298195 -0.06875 1.20097
2 0.20835 0.000461246 1.24583 0.311453 -0.0375 1.18771
2 0.20835 0.000461246 1.24583 0.315873 0 1.18329
2 0.20835 0.000461246 1.24583 0.311453 0.0375 1.18771
2 0.20835 0.000461246 1.24583 0.298195 0.06875 1.20097
2 0.20835 0.000461246 1.24583 0.276098 0.0875 1.22306
2 0.20835 0.000461246 1.24583 0.249581 0.09375 1.24958
2 0.341191 0.00120823 1.34304 0.347646 -0.0875 1.29461
2 0.341191 0.00120823 1.34304 0.369743 -0.06875 1.27252
2 0.341191 0.00120823 1.34304 0.383001 -0.0375 1.25926
2 0.341191 0.00120823 1.34304 0.387421 0 1.25484
2 0.341191 0.00120823 1.34304 0.383001 0.0375 1.25926
2 0.411499 0.00185961 1.40443 0.366161 0.0875 1.41919
2 0.411499 0.00185961 1.40443 0.344064 0.06875 1.44129
2 0.411499 0.00185961 1.40443 0.330806 0.0375 1.45455
2 0.411499 0.00185961 1.40443 0.326386 0 1.45897
2 0.411499 0.00185961 1.40443 0.330806 -0.0375 1.45455
2 0.411499 0.00185961 1.40443 0.344064 -0.06875 1.44129
2 0.411499 0.00185961 1.40443 0.366161 -0.0875 1.41919
2 0.411499 0.00185961 1.40443 0.392678 -0.09375 1.39268
2 0.538126 0.00188674 1.5339 0.48716 0.06875 1.58439
2 0.538126 0.00188674 1.5339 0.473902 0.0375 1.59765
2 0.538126 0.00188674 1.5339 0.469483 0 1.60207
2 0.538126 0.00188674 1.5339 0.473902 -0.0375 1.59765
2 0.538126 0.00188674 1.5339 0.48716 -0.06875 1.58439
2 0.600323 0.00142622 1.59765 0.580806 0.0875 1.63384
2 0.600323 0.00142622 1.59765 0.558709 0.06875 1.65594
2 0.600323 0.00142622 1.59765 0.545451 0.0375 1.66919
2 0.600323 0.00142622 1.59765 0.541031 0 1.67361
2 0.600323 0.00142622 1.59765 0.545451 -0.0375 1.66919
2 0.600323 0.00142622 1.59765 0.558709 -0.06875 1.65594
2 0.600323 0.00142622 1.59765 0.580806 -0.0875 1.63384
2 0.600323 0.00142622 1.59765 0.607322 -0.09375 1.60732
2 0.600323 0.00142622 1.59765 0.633839 -0.0875 1.58081
2 0.600323 0.00142622 1.59765 0.655936 -0.06875 1.55871
2 -0.505125 0.00120096 1.50318 -0.561872 0.0375 1.43813
2 -0.505125 0.00120096 1.50318 -0.566291 0 1.43371
2 -0.0270681 -0.000440092 0.446817 0.0170766 0.0875 0.300693
2 -0.0270681 -0.000440092 0.446817 -0.0176775 0.09375 0.307322
2 -0.0270681 -0.000440092 0.446817 -0.0524317 0.0875 0.313952
2 -0.0270681 -0.000440092 0.446817 -0.0813935 0.06875 0.319476
2 -0.0270681 -0.000440092 0.446817 -0.0987705 0.0375 0.32279
2 -0.0270681 -0.000440092 0.446817 -0.104563 0 0.323895
2 -0.0270681 -0.000440092 0.446817 -0.0987705 -0.0375 0.32279
2 -0.0270681 -0.000440092 0.446817 -0.0813935 -0.06875 0.319476
2 -0.0353901 -0.000393407 0.582969 -0.00334703 -0.0875 0.501387
2 -0.0353901 -0.000393407 0.582969 -0.0623862 0.0875 0.456586
2 -0.0353901 -0.000393407 0.582969 -0.0898225 0.06875 0.465793
2 -0.0353901 -0.000393407 0.582969 -0.106284 0.0375 0.471317
2 -0.0353901 -0.000393407 0.582969 -0.111771 0 0.473159
2 -0.0353901 -0.000393407 0.582969 -0.106284 -0.0375 0.471317
2 -0.0353901 -0.000393407 0.582969 -0.0898225 -0.06875 0.465793
2 -0.0353901 -0.000393407 0.582969 0.0393306 0.0375 0.483709
2 -0.0428423 -0.000350089 0.714628 -0.0982515 0.06875 0.61211
2 -0.0428423 -0.000350089 0.714628 -0.113798 0.0375 0.619844
2 -0.0428423 -0.000350089 0.714628 -0.11898 0 0.622422
2 -0.0428423 -0.000350089 0.714628 -0.113798 -0.0375 0.619844
2 -0.0428423 -0.000350089 0.714628 -0.0982515 -0.06875 0.61211
2 -0.0428423 -0.000350089 0.714628 0.000614568 -0.06875 0.685507
2 -0.0428423 -0.000350089 0.714628 0.0152457 -0.0375 0.675563
2 -0.0428423 -0.000350089 0.714628 0.0201228 0 0.672249
2 -0.0428423 -0.000350089 0.714628 0.0152457 0.0375 0.675563
2 -0.0428423 -0.000350089 0.714628 -0.0471404 -0.09375 0.65286
2 -0.0428423 -0.000350089 0.714628 -0.0169628 0.0875 0.635182
2 -0.0398987 -0.000367068 0.662068 -0.0101549 0.0875 0.568284
2 -0.111474 3.50165e-05 1.0971 -0.226647 0.06875 1.12942
2 -0.111474 3.50165e-05 1.0971 -0.239905 0.0375 1.11616
2 -0.111474 3.50165e-05 1.0971 -0.244324 0 1.11174
2 -0.111474 3.50165e-05 1.0971 -0.239905 -0.0375 1.11616
2 -0.111474 3.50165e-05 1.0971 -0.226647 -0.06875 1.12942
2 -0.111474 3.50165e-05 1.0971 -0.204549 -0.0875 1.15152
2 -0.0369596 -0.000384225 0.610564 -0.00334703 0.0875 0.501387
2 -0.0369596 -0.000384225 0.610564 -0.0353553 0.09375 0.514645
2 -0.0369596 -0.000384225 0.610564 -0.0673635 -0.0875 0.527903
2 -0.0214921 -0.000482783 0.359509 0.0170766 -0.0875 0.300693
2 -0.0214921 -0.000482783 0.359509 0.0460384 -0.06875 0.295169
2 -0.0214921 -0.000482783 0.359509 0.0634155 -0.0375 0.291855
2 -0.0214921 -0.000482783 0.359509 0.0692078 0 0.29075
2 -0.0214921 -0.000482783 0.359509 0.0234589 0.0875 0.234852
2 -0.0214921 -0.000482783 0.359509 -0.0121533 0.09375 0.239409
2 -0.0214921 -0.000482783 0.359509 -0.0477655 0.0875 0.243967
2 -0.0214921 -0.000482783 0.359509 -0.0774424 0.06875 0.247765
2 -0.0214921 -0.000482783 0.359509 -0.0952485 0.0375 0.250043
2 -0.0214921 -0.000482783 0.359509 -0.101184 0 0.250803
2 -0.0214921 -0.000482783 0.359509 -0.0952485 -0.0375 0.250043
2 -0.0214921 -0.000482783 0.359509 -0.0774424 -0.06875 0.247765
2 -0.00662096 0.00196798 0.143608 0.0824824 0.0375 0.10872
2 -0.00662096 0.00196798 0.143608 -0.0713841 -0.06875 0.114474
2 -0.00662096 0.00196798 0.143608 -0.0406108 -0.0875 0.113323
2 -0.00662096 0.00196798 0.143608 -0.00368281 -0.09375 0.111942
2 -0.00662096 0.00196798 0.143608 0.0332451 -0.0875 0.110561
2 -0.00662096 0.00196798 0.143608 0.0640184 -0.06875 0.10941
2 -0.00662096 0.00196798 0.143608 0.0824824 -0.0375 0.10872
2 -0.00662096 0.00196798 0.143608 0.0886371 0 0.10849
2 -0.0444975 -0.000341726 0.751562 -0.0237707 -0.0875 0.70208
2 -0.0444975 -0.000341726 0.751562 -0.0237707 0.0875 0.70208
2 -0.0440938 -0.000343758 0.741801 -0.0471404 0.09375 0.65286
2 -0.0440938 -0.000343758 0.741801 -0.077318 0.0875 0.670537
2 -0.0440938 -0.000343758 0.741801 -0.077318 -0.0875 0.670537
2 -0.0440938 -0.000343758 0.741801 0.000614568 0.06875 0.685507
2 -0.0362938 -0.000388112 0.598893 0.0233265 0.06875 0.490338
2 -0.0362938 -0.000388112 0.598893 -0.0353552 -0.09375 0.514645
2 0.0259921 2.38629e-05 1.10964 -0.0512551 -0.072125 1.16408
2 0.0259921 2.38629e-05 1.10964 -0.0401934 -0.03975 1.18179
2 0.0259921 2.38629e-05 1.10964 -0.0379837 0 1.18843
2 0.0259921 2.38629e-05 1.10964 -0.0401934 0.03975 1.18179
2 0.0259921 2.38629e-05 1.10964 -0.0512551 0.072125 1.16408
2 0.0259921 2.38629e-05 1.10964 -0.0366303 0.0924375 1.10526
2 0.0259921 2.38629e-05 1.10964 0 0.096 1.07088
2 -0.0465266 -0.000224381 0.921553 -0.0277179 0.095875 0.958867
2 -0.0472387 -0.000249737 0.902155 -0.0883933 -0.08975 0.881669
2 -0.0472387 -0.000249737 0.902155 -0.0178422 -0.0875 0.883059
2 -0.0472387 -0.000249737 0.902155 0.00170195 0.0875 0.930243
2 -0.0472387 -0.000249737 0.902155 0.0239897 0.06875 0.908606
2 -0.0472387 -0.000249737 0.902155 0.0373623 0.0375 0.895624
2 -0.0472387 -0.000249737 0.902155 0.0418198 0 0.891297
2 -0.0472387 -0.000249737 0.902155 0.0373623 -0.0375 0.895624
2 -0.0472387 -0.000249737 0.902155 -0.140108 0 0.914294
2 -0.0472387 -0.000249737 0.902155 0.0239897 -0.06875 0.908606
2 -0.0472387 -0.000249737 0.902155 -0.124669 0.0786 0.983989
2 -0.0472387 -0.000249737 0.902155 -0.0475452 -0.0949844 0.910788
2 -0.0472387 -0.000249737 0.902155 -0.148596 0.040875 0.978492
2 -0.0472387 -0.000249737 0.902155 -0.134165 -0.03975 0.913394
2 -0.0472387 -0.000249737 0.902155 -0.11678 -0.072125 0.904563
2 -0.0455039 -0.000205106 0.936135 0.0513225 0.06875 0.949556
2 -0.0455039 -0.000205106 0.936135 0.0646093 0.0375 0.936367
2 -0.0455039 -0.000205106 0.936135 0.0690383 0 0.931971
2 -0.0455039 -0.000205106 0.936135 0.0646093 -0.0375 0.936367
2 -0.0455039 -0.000205106 0.936135 0.00170195 -0.0875 0.930243
2 -0.0455039 -0.000205106 0.936135 -0.155109 0 0.976988
2 -0.0455039 -0.000205106 0.936135 -0.148596 -0.040875 0.978492
2 -0.0455039 -0.000205106 0.936135 -0.0824771 -0.0924375 0.943704
2 -0.0455039 -0.000205106 0.936135 -0.062487 0.096 0.992813
2 -0.0454864 -0.000336693 0.780084 -0.00427313 -0.06875 0.748707
2 -0.0454864 -0.000336693 0.780084 -0.0279433 0.0875 0.767006
2 -0.0454864 -0.000336693 0.780084 -0.053033 -0.09375 0.721967
2 -0.0454864 -0.000336693 0.780084 -0.053033 0.09375 0.721967
2 -0.0454864 -0.000336693 0.780084 -0.0822953 0.0875 0.741854
2 -0.0454864 -0.000336693 0.780084 -0.0822953 -0.0875 0.741854
2 -0.0454864 -0.000336693 0.780084 -0.0279433 -0.0875 0.767006
2 -0.0454864 -0.000336693 0.780084 -0.106681 0.06875 0.758427
2 -0.0454864 -0.000336693 0.780084 -0.121312 0.0375 0.768371
2 -0.0934678 1.91355e-05 1.08883 -0.169113 0.0880625 1.1139
2 -0.0934678 1.91355e-05 1.08883 -0.11465 -0.0880625 1.16991
2 -0.0934678 1.91355e-05 1.08883 -0.0919911 -0.0695938 1.19312
2 -0.0934678 1.91355e-05 1.08883 -0.079282 -0.0380625 1.20749
2 -0.0934678 1.91355e-05 1.08883 -0.075415 0 1.21246
2 -0.0934678 1.91355e-05 1.08883 -0.079282 0.0380625 1.20749
2 -0.0934678 1.91355e-05 1.08883 -0.0919911 0.0695938 1.19312
2 -0.0934678 1.91355e-05 1.08883 -0.11465 0.0880625 1.16991
2 -0.0934678 1.91355e-05 1.08883 -0.142083 0.0940313 1.14209
2 -0.0934678 1.91355e-05 1.08883 -0.169113 -0.0880625 1.1139
2 -0.0934678 1.91355e-05 1.08883 -0.142083 -0.0940313 1.14209
2 -0.0420241 -0.0001748 0.958442 0.0513225 -0.06875 0.949556
2 -0.0420241 -0.0001748 0.958442 -0.0277179 -0.095875 0.958867
2 -0.0420241 -0.0001748 0.958442 -0.173696 0.03975 1.03227
2 -0.0420241 -0.0001748 0.958442 -0.179486 0 1.02912
2 -0.0339077 -0.000402093 0.55685 0.0308972 0.06875 0.425282
2 -0.0344651 -0.000398827 0.566671 0.0446653 0 0.481499
2 -0.0344651 -0.000398827 0.566671 0.0233265 -0.06875 0.490338
2 -0.0344651 -0.000398827 0.566671 0.0393306 -0.0375 0.483709
2 -0.0344651 -0.000398827 0.566671 -0.0623862 -0.0875 0.456586
2 -0.0344651 -0.000398827 0.566671 0.00346088 0.0875 0.434489
2 -0.0344651 -0.000398827 0.566671 -0.0294627 0.09375 0.445537
2 -0.084102 1.04521e-05 1.08402 -0.191616 0.0695938 1.09055
2 -0.084102 1.04521e-05 1.08402 -0.191616 -0.0695938 1.09055
2 -0.084102 1.04521e-05 1.08402 -0.105783 -0.094875 1.10582
2 -0.0233732 -0.000462335 0.388986 -0.0524317 -0.0875 0.313952
2 -0.0233732 -0.000462335 0.388986 0.0634155 0.0375 0.291855
2 -0.0233732 -0.000462335 0.388986 -0.0176775 -0.09375 0.307322
2 -0.0400636 -0.000128375 0.991739 -0.173696 -0.03975 1.03227
2 -0.0400636 -0.000128375 0.991739 -0.158071 0.072125 1.0455
2 -0.0400636 -0.000128375 0.991739 0.000258599 0.096375 1.00026
2 -0.0400636 -0.000128375 0.991739 -0.0991754 0.0924375 1.03106
2 -0.0400636 -0.000128375 0.991739 0.0291778 -0.0875 0.971538
2 -0.0400636 -0.000128375 0.991739 -0.062487 -0.096 0.992813
2 -0.0466597 -0.000307206 0.843471 -0.0475452 0.0949844 0.910788
2 -0.0466597 -0.000307206 0.843471 -0.11678 0.072125 0.904563
2 -0.0390123 -6.05403e-05 1.04013 -0.0991754 -0.0924375 1.03106
2 -0.0390123 -6.05403e-05 1.04013 -0.158071 -0.072125 1.0455
2 -0.0390123 -6.05403e-05 1.04013 -0.0333517 0.098 1.03365
2 -0.0390123 -6.05403e-05 1.04013 0.000258599 -0.096375 1.00026
2 -0.0390123 -6.05403e-05 1.04013 0.0840735 0.06875 0.986846
2 -0.0390123 -6.05403e-05 1.04013 0.0973317 0.0375 0.973588
2 -0.0390123 -6.05403e-05 1.04013 0.101751 0 0.969169
2 -0.0390123 -6.05403e-05 1.04013 0.0973317 -0.0375 0.973588
2 -0.0390123 -6.05403e-05 1.04013 0.0840735 -0.06875 0.986846
2 -0.0390123 -6.05403e-05 1.04013 0.0619764 -0.0875 1.00894
2 -0.0390123 -6.05403e-05 1.04013 -0.0333517 -0.098 1.03365
2 -0.0390123 -6.05403e-05 1.04013 0.0332241 -0.095875 1.03769
2 -0.0390123 -6.05403e-05 1.04013 0.0619764 0.0875 1.00894
2 -0.0390123 -6.05403e-05 1.04013 -0.134353 0.08975 1.07258
2 -0.0390123 -6.05403e-05 1.04013 -0.0694376 -0.0962187 1.06957
