2 3.22205 6.27413 14.8576 1.54522 2.5586 13.1125
2 -5.27756 4.33896 12.7746 1.54522 2.5586 13.1125
3 6.42433 1.63842 10.4381 4.94587 1.6395 9.40805 -0.251127 -0.527829 6.63582
2 -3.44841 -4.02234 12.6922 -0.768487 -3.07223 10.3404
2 -1.7162 1.08474 20.5542 0.347588 0.765314 18.2725
3 4.15672 -3.50736 16.0371 0.535788 -2.8454 14.1623 0.347348 -0.6647 13.8144
2 -1.14781 -2.76956 18.8162 -1.57572 -3.1558 17.2524
2 3.49203 4.45189 20.3752 0.347588 0.765314 18.2725
3 -0.563504 0.122829 23.5987 -0.50176 -0.137972 20.99 -0.196679 -0.707363 16.7361
3 0.87288 -7.53054 11.3945 0.38931 -4.70981 10.3993 -0.768487 -3.07223 10.3404
2 0.14511 -0.116704 2.53189 -0.251127 -0.527829 6.63582
2 -3.87403 -6.18446 19.1112 -1.57572 -3.1558 17.2524
2 1.54522 2.5586 13.1125 0.347348 -0.6647 13.8144
2 -0.122469 -0.56206 9.6288 -0.768487 -3.07223 10.3404
2 -0.122469 -0.56206 9.6288 0.347348 -0.6647 13.8144
2 -0.122469 -0.56206 9.6288 0.347348 -0.6647 13.8144
2 0.347588 0.765314 18.2725 -0.196679 -0.707363 16.7361
2 -1.57572 -3.1558 17.2524 -0.196679 -0.707363 16.7361
1 -0.251127 -0.527829 6.63582
1 -0.196679 -0.707363 16.7361
